# N_train	N_bunch	index	type	name	S	x	xp	y	yp	sigz	betax
0	0	13	BPM		MB1X	2.978450711	4.81896328333e-07	-3.81484326088e-06	-1.73263047243e-07	8.31369595665e-08	0.008	15.3352332383
0	0	24	BPM		MB2X	5.100093787	-7.28199507898e-06	-3.61051543987e-06	-1.16432608958e-07	1.98584904108e-08	0.008	11.9113337477
0	0	37	BPM		MQF1X	7.213398787	-1.25011139137e-05	1.11939494627e-05	-8.44363840935e-08	-6.59635057823e-08	0.008	4.42488766037
0	0	50	BPM		MQD2X	9.212008787	1.09424891115e-05	1.97741714886e-05	-1.94694849166e-07	1.24565310152e-07	0.008	19.7382121893
0	0	55	BPM		MQF3X	10.195118867	2.80992140538e-05	1.46311751244e-06	-8.00483616518e-08	6.41718488459e-08	0.008	102.557893592
0	0	66	BPM		MQF4X	14.500587667	3.15144020708e-05	-2.12498667775e-05	2.12411249442e-07	1.94765765223e-07	0.008	84.8288989368
0	0	70	BPM		MQD5X	15.219697747	1.62334086724e-05	-2.12498667775e-05	3.52469274453e-07	1.94765765223e-07	0.008	19.3465195272
0	0	83	BPM		MQF6X	17.230307747	-2.43340668499e-06	-8.61852969299e-06	1.11202790863e-07	-1.40883189316e-07	0.008	7.50255767483
0	0	99	BPM		MQF7X	20.670188907	-1.77186071239e-05	2.87431324323e-06	-1.74552237424e-09	-2.91215639269e-08	0.008	6.80940010761
0	0	106	BPM		MQD8X	22.928710107	-1.1990657683e-05	-3.83301457841e-06	-6.34464298393e-08	6.77249515026e-09	0.008	0.860761893011
0	0	117	BPM		MQF9X	24.807618927	-1.91927097006e-05	-3.83296666583e-06	-5.07189338883e-08	6.77527896978e-09	0.008	12.19422041
0	0	128	BPM		FONTP1	27.220370427	6.10469165312e-06	1.14565849934e-05	-1.25725395023e-07	-3.36842706454e-08	0.008	0.643679747596
0	0	136	BPM		MQD10X	27.745370427	1.36985617704e-05	2.53421973075e-05	-1.23425497955e-07	1.3251354392e-07	0.008	0.781747716288
0	0	144	BPM		MQF11X	29.195370427	4.48638484829e-05	-2.16098975207e-05	7.48320043165e-08	1.88321151315e-07	0.008	9.71975859973
0	0	150	BPM		FONTP2	30.123370427	2.48098635837e-05	-2.16098975207e-05	2.49594032737e-07	1.88321151315e-07	0.008	3.49960138043
0	0	158	BPM		MQD12X	30.645370427	1.56048061508e-05	-4.53201991389e-06	3.09644533224e-07	-1.33917738409e-07	0.008	1.95135048572
0	0	165	BPM		MQF13X	31.713768577	8.40238033051e-06	-1.94982406551e-05	2.07885473919e-07	1.34390318001e-07	0.008	2.27220773025
0	0	171	BPM		MQD14X	32.749308157	-1.3125341483e-05	-2.86895497955e-05	2.97593672916e-07	-1.8619368177e-07	0.008	0.711537526219
0	0	173	BPM		FONTP3	33.025308157	-2.10436572266e-05	-2.86895497955e-05	2.46204216747e-07	-1.8619368177e-07	0.008	1.96273002666
0	0	180	BPM		MQF15X	33.784847737	-3.51047790884e-05	2.16098981222e-05	1.34681482986e-07	5.37998050037e-09	0.008	6.2672256988
0	0	190	BPM		MQD16X	34.783245887	-1.56048058286e-05	4.5320207522e-06	1.23425515212e-07	-1.32513549821e-07	0.008	1.95135044383
0	0	197	BPM		MQF17X	36.233245887	-7.87586399954e-06	1.39920864932e-05	-7.48319944271e-08	-1.88321147253e-07	0.008	3.43222345947
0	0	209	BPM		MQD18X	38.615745887	2.73964452721e-05	3.06794716882e-05	-4.83547545894e-07	1.47861864809e-07	0.008	4.36234390307
0	0	220	BPM		MQF19X	40.060395787	6.65417525987e-05	-1.29766540908e-05	-2.92967517871e-07	-4.47356968964e-08	0.008	30.4932958078
0	0	240	BPM		MQD20X	43.821730787	1.77322093841e-05	-1.29766540908e-05	-4.61233460356e-07	-4.47356968964e-08	0.008	4.57925400606
0	0	255	BPM		MQF21X	47.818400787	-1.36176253095e-05	-3.80652956298e-06	-9.18065206329e-08	6.59664300312e-08	0.008	5.24643065588
0	0	259	BPM		IPT1	49.537065787	-1.65714922503e-05	-3.80652956298e-06	-4.06165709287e-08	6.59664300312e-08	0.008	3.9858629756
0	0	261	BPM		IPT2	49.613065787	-1.68607884971e-05	-3.80652956298e-06	-3.56031222463e-08	6.59664300312e-08	0.008	3.88596603108
0	0	263	BPM		IPT3	49.777065787	-1.74850593455e-05	-3.80652956298e-06	-2.47846277212e-08	6.59664300312e-08	0.008	3.68472050156
0	0	265	BPM		IPT4	49.853065787	-1.77743555922e-05	-3.80652956298e-06	-1.97711790388e-08	6.59664300312e-08	0.008	3.59809719921
0	0	276	BPM		MQM16FF	54.283065787	-3.46372815563e-05	-3.80652956298e-06	2.72460105999e-07	6.59664300312e-08	0.008	5.81210707531
0	0	290	BPM		MQM15FF	56.021065787	-9.22985161893e-06	1.2759805741e-05	6.32530128801e-07	3.34460374992e-08	0.008	1.36174597293
0	0	296	BPM		MQM14FF	57.521065787	1.10036072413e-05	2.24836678495e-05	5.94294650629e-07	-6.98933388671e-07	0.008	3.19703586141
0	0	298	BPM		MFB2FF	58.354065787	2.973250256e-05	2.24836678495e-05	1.2083137866e-08	-6.98933388671e-07	0.008	14.271282169
0	0	305	BPM		MQM13FF	59.021065787	4.03165775485e-05	-1.46960512874e-05	-4.92843906698e-07	-1.04599616244e-06	0.008	23.5125663361
0	0	311	BPM		MQM12FF	60.521065787	1.74613756154e-05	-2.13441049818e-05	-2.13861363937e-06	-1.70382599392e-06	0.008	2.73940973685
0	0	313	BPM		MFB1FF	61.236820787	2.18422575417e-06	-2.13441049818e-05	-3.35813561364e-06	-1.70382599392e-06	0.008	0.255752591411
0	0	319	BPM		MQM11FF	62.121065787	-1.66891923555e-05	-2.13441049818e-05	-4.86473522963e-06	-1.70382599392e-06	0.008	7.85570321395
0	0	325	BPM		MQD10BFF	63.621065787	-5.02869976921e-05	-3.48588328778e-05	-7.17436818729e-06	3.6966055831e-07	0.008	50.8856775831
0	0	333	BPM		MQD10AFF	64.521065787	-8.43164772413e-05	-5.75502074917e-05	-6.60501198748e-06	2.34748065455e-06	0.008	137.024437547
0	0	341	BPM		MQF9BFF	65.821065787	-0.000152390405098	-5.94261143821e-07	-3.7302103788e-06	8.77450317324e-07	0.008	439.005552092
0	0	347	BPM		MSF6FF	66.411896783	-0.000152756456885	-6.94004193442e-07	-3.2111296862e-06	8.81821264119e-07	0.008	438.793162943
0	0	353	BPM		MQF9AFF	66.941065783	-0.000146278836276	5.65320035119e-05	-2.87494395479e-06	-2.10891447494e-07	0.008	400.24109049
0	0	359	BPM		MQD8FF	68.741065783	-4.83649694495e-05	2.49025475074e-05	-3.02539519179e-06	1.70218318775e-06	0.008	41.0567667556
0	0	365	BPM		MQF7FF	70.641065783	-7.46137923382e-07	2.70583871904e-05	2.06020598983e-07	1.70480078009e-06	0.008	0.309945436523
0	0	374	BPM		MQD6FF	72.541148783	5.40454207369e-05	5.61894652963e-05	3.21335037761e-06	-2.12976643958e-07	0.008	61.0555730884
0	0	383	BPM		MQF5BFF	74.341148783	0.000148657384014	1.02425685793e-06	2.95896713723e-06	8.74249573259e-07	0.008	440.258815835
0	0	389	BPM		MSF5FF	74.931979779	0.000149263863251	1.03304433998e-06	3.47544187772e-06	8.73855169316e-07	0.008	441.186463147
0	0	395	BPM		MQF5AFF	75.461148779	0.000143161591335	-5.4560520073e-05	4.10958031996e-06	2.33340689742e-06	0.008	403.626432487
0	0	403	BPM		MQD4BFF	76.761148779	7.50831126804e-05	-3.09573600715e-05	6.90416938417e-06	3.15439650226e-07	0.008	107.871059004
0	0	409	BPM		MSD4FF	77.351979775	5.67883603863e-05	-3.09851293986e-05	7.09150995835e-06	3.21890786799e-07	0.008	59.7506526504
0	0	415	BPM		MQD4AFF	77.881148775	4.1988273105e-05	-1.77694325875e-05	7.00848865803e-06	-1.80105867315e-06	0.008	30.969584022
0	0	424	BPM		MQF3FF	80.681231805	-7.42973585899e-06	-1.46937491778e-05	2.10808113417e-06	-5.80997406036e-07	0.008	4.08655413677
0	0	435	BPM		MQD2BFF	82.381314805	-3.31240563413e-05	-2.08249491834e-05	1.08463162968e-06	-8.21923043079e-07	0.008	26.1173446247
0	0	447	BPM		MQD2AFF	84.081314805	-7.07963747853e-05	-4.01420578957e-05	-3.06044936211e-07	-7.60163162643e-07	0.008	101.480415234
0	0	453	BPM		MSF1FF	88.688314805	-0.000255730835511	-4.01420578957e-05	-3.80811662651e-06	-7.60163162643e-07	0.008	1250.0278371
0	0	463	BPM		MQF1FF	89.756314805	-0.000229123823771	0.000159180342629	-5.76673114675e-06	-4.18626268241e-06	0.008	1000.52037145
0	0	465	BPM		MSD0FF	90.053314805	-0.00018184726201	0.000159180342629	-7.01005116342e-06	-4.18626268241e-06	0.008	629.408625384
0	0	475	BPM		MQD0FF	91.121314805	-5.02237459846e-05	5.52010201746e-05	-7.18021095811e-06	8.14910460503e-06	0.008	46.5548236756
0	0	477	BPM		MPREIP	91.575314805	-2.51624828253e-05	5.52010201746e-05	-3.48051746743e-06	8.14910460503e-06	0.008	10.8565421406
0	0	479	BPM		IPBPMA	91.851114805	-9.93804146117e-06	5.52010201746e-05	-1.23299441736e-06	8.14910460503e-06	0.008	1.33512390657
0	0	481	BPM		IPBPMB	91.932114805	-5.46675882703e-06	5.52010201746e-05	-5.72916944354e-07	8.14910460503e-06	0.008	0.285475438632
0	0	485	BPM		IP	92.002314805	-1.59164721077e-06	5.52010201746e-05	-8.49801080689e-10	8.14910460503e-06	0.008	0.0172837538022
0	0	490	BPM		MPIP	92.627314805	3.29089903984e-05	5.52010201746e-05	5.09234057706e-06	8.14910460503e-06	0.008	23.8898571521
0	0	497	BPM		MDUMP	95.493753965	0.000189627445763	5.52009660384e-05	2.67429139807e-05	6.61203097374e-06	0.008	726.71552145
1	0	13	BPM		MB1X	2.978450711	3.84431124985e-05	1.25998630084e-05	1.72363723994e-07	-1.63210375417e-07	0.008	15.3352332383
1	0	24	BPM		MB2X	5.100093787	3.31727997865e-05	-4.52559638294e-06	-6.94388911136e-08	-1.07956339147e-07	0.008	11.9113337477
1	0	37	BPM		MQF1X	7.213398787	1.84311621671e-05	-2.87209425275e-05	-3.33140400796e-07	-4.25452727177e-07	0.008	4.42488766037
1	0	50	BPM		MQD2X	9.212008787	-4.2475239019e-05	-6.27998233128e-05	-1.06619290686e-06	6.10512376605e-07	0.008	19.7382121893
1	0	55	BPM		MQF3X	10.195118867	-9.63183857758e-05	4.19981874073e-07	-5.13885440294e-07	2.37730583843e-07	0.008	102.557893592
1	0	66	BPM		MQF4X	14.500587667	-8.65289477231e-05	6.31918982508e-05	5.50710440686e-07	5.70622204626e-07	0.008	84.8288989368
1	0	70	BPM		MQD5X	15.219697747	-4.10870167166e-05	6.31918982508e-05	9.61050619905e-07	5.70622204626e-07	0.008	19.3465195272
1	0	83	BPM		MQF6X	17.230307747	2.67036816777e-05	3.18155591022e-05	3.74447809291e-07	-3.49003649452e-07	0.008	7.50255767483
1	0	99	BPM		MQF7X	20.670188907	2.21256829281e-05	-1.22087713427e-05	4.92291639487e-07	2.25212006479e-07	0.008	6.80940010761
1	0	106	BPM		MQD8X	22.928710107	-5.69093010293e-06	-1.45563072597e-05	9.38698052918e-07	-3.19963123475e-07	0.008	0.860761893011
1	0	117	BPM		MQF9X	24.807618927	-3.30410407895e-05	-1.45561253063e-05	3.3748752121e-07	-3.19994287603e-07	0.008	12.19422041
1	0	128	BPM		FONTP1	27.220370427	-6.55270830215e-06	1.27204819227e-05	9.68202662837e-08	-8.49619677641e-08	0.008	0.643679747596
1	0	136	BPM		MQD10X	27.745370427	-1.39050003911e-07	1.08918329737e-05	4.28923922203e-08	-1.59019167336e-07	0.008	0.781747716288
1	0	144	BPM		MQF11X	29.195370427	1.39750107866e-05	-3.32722841619e-06	-2.08089258592e-07	-3.37347796203e-07	0.008	9.71975859973
1	0	150	BPM		FONTP2	30.123370427	1.08873428164e-05	-3.32722841619e-06	-5.21148013469e-07	-3.37347796203e-07	0.008	3.49960138043
1	0	158	BPM		MQD12X	30.645370427	1.03478241208e-05	6.78186793316e-06	-6.19879382726e-07	3.13120470832e-07	0.008	1.95135048572
1	0	165	BPM		MQF13X	31.713768577	1.42405304762e-05	-1.48694781655e-05	-3.5933115492e-07	-1.65222853321e-07	0.008	2.27220773025
1	0	171	BPM		MQD14X	32.749308157	-9.23622613545e-07	-1.36548520747e-05	-4.53762833578e-07	3.30756257962e-07	0.008	0.711537526219
1	0	173	BPM		FONTP3	33.025308157	-4.69236178617e-06	-1.36548520747e-05	-3.62474106381e-07	3.30756257962e-07	0.008	1.96273002666
1	0	180	BPM		MQF15X	33.784847737	-1.24724286959e-05	3.32722885798e-06	-1.48095043835e-07	9.7611403387e-08	0.008	6.2672256988
1	0	190	BPM		MQD16X	34.783245887	-1.03478241022e-05	-6.78186752267e-06	-4.28924209324e-08	1.5901917798e-07	0.008	1.95135044383
1	0	197	BPM		MQF17X	36.233245887	-1.78902528616e-05	1.23917434344e-05	2.08089243469e-07	3.37347791435e-07	0.008	3.43222345947
1	0	209	BPM		MQD18X	38.615745887	1.24447933414e-05	1.95107780988e-05	9.34273832734e-07	-3.14522676113e-07	0.008	4.36234390307
1	0	220	BPM		MQF19X	40.060395787	3.77227043495e-05	-5.06130652023e-06	5.21438359221e-07	3.2029869536e-08	0.008	30.4932958078
1	0	240	BPM		MQD20X	43.821730787	1.86854349893e-05	-5.06130652023e-06	6.41913428552e-07	3.2029869536e-08	0.008	4.57925400606
1	0	255	BPM		MQF21X	47.818400787	2.00676818664e-05	-5.6058272568e-06	6.98161071231e-09	-1.56892439097e-07	0.008	5.24643065588
1	0	259	BPM		IPT1	49.537065787	1.57175599152e-05	-5.6058272568e-06	-1.14766922027e-07	-1.56892439097e-07	0.008	3.9858629756
1	0	261	BPM		IPT2	49.613065787	1.52915170436e-05	-5.6058272568e-06	-1.26690747398e-07	-1.56892439097e-07	0.008	3.88596603108
1	0	263	BPM		IPT3	49.777065787	1.43721613735e-05	-5.6058272568e-06	-1.5242110741e-07	-1.56892439097e-07	0.008	3.68472050156
1	0	265	BPM		IPT4	49.853065787	1.3946118502e-05	-5.6058272568e-06	-1.64344932782e-07	-1.56892439097e-07	0.008	3.59809719921
1	0	276	BPM		MQM16FF	54.283065787	-1.08876962456e-05	-5.6058272568e-06	-8.59378437982e-07	-1.56892439097e-07	0.008	5.81210707531
1	0	290	BPM		MQM15FF	56.021065787	-1.03357609651e-05	-2.25832203794e-06	-1.9037202119e-06	-7.86187065538e-08	0.008	1.36174597293
1	0	296	BPM		MQM14FF	57.521065787	-1.5546848343e-05	-1.78872155754e-05	-1.75947086914e-06	2.09272644897e-06	0.008	3.19703586141
1	0	298	BPM		MFB2FF	58.354065787	-3.04468989173e-05	-1.78872155754e-05	-1.62297371539e-08	2.09272644897e-06	0.008	14.271282169
1	0	305	BPM		MQM13FF	59.021065787	-3.81440073216e-05	1.7692289641e-05	1.49780831724e-06	3.15060921681e-06	0.008	23.5125663361
1	0	311	BPM		MQM12FF	60.521065787	-1.10417994215e-05	2.22435857296e-05	6.45551126145e-06	5.13656346899e-06	0.008	2.73940973685
1	0	313	BPM		MFB1FF	61.236820787	4.87915828239e-06	2.22435857296e-05	1.01320322472e-05	5.13656346899e-06	0.008	0.255752591411
1	0	319	BPM		MQM11FF	62.121065787	2.45479377458e-05	2.22435857296e-05	1.46740128118e-05	5.13656346899e-06	0.008	7.85570321395
1	0	325	BPM		MQD10BFF	63.621065787	5.98099525806e-05	3.8423030817e-05	2.16366356345e-05	-1.11677485689e-06	0.008	50.8856775831
1	0	333	BPM		MQD10AFF	64.521065787	9.74708871616e-05	6.47174037586e-05	1.99178583718e-05	-7.08109697508e-06	0.008	137.024437547
1	0	341	BPM		MQF9BFF	65.821065787	0.000173903908575	-3.2404890427e-07	1.12458457576e-05	-2.64907689436e-06	0.008	439.005552092
1	0	347	BPM		MSF6FF	66.411896783	0.000173693143324	-4.52906296955e-07	9.68293942386e-06	-2.63407935249e-06	0.008	438.793162943
1	0	353	BPM		MQF9AFF	66.941065783	0.000165691727986	-6.53314841897e-05	8.68285316285e-06	6.64844595409e-07	0.008	400.24109049
1	0	359	BPM		MQD8FF	68.741065783	5.2292900033e-05	-3.08478341952e-05	9.1842071793e-06	-5.14079999104e-06	0.008	41.0567667556
1	0	365	BPM		MQF7FF	70.641065783	-6.20102365326e-06	-2.94026498158e-05	-5.71941513301e-07	-5.12229273098e-06	0.008	0.309945436523
1	0	374	BPM		MQD6FF	72.541148783	-6.62480174854e-05	-6.53656226617e-05	-9.61142094091e-06	6.12045322393e-07	0.008	61.0555730884
1	0	383	BPM		MQF5BFF	74.341148783	-0.000176160806143	6.25208578234e-08	-8.89737641702e-06	-2.65593339806e-06	0.008	440.258815835
1	0	389	BPM		MSF5FF	74.931979779	-0.000176122034812	7.47482662546e-08	-1.04667940282e-05	-2.6573359429e-06	0.008	441.186463147
1	0	395	BPM		MQF5AFF	75.461148779	-0.000168259162502	6.54743106164e-05	-1.23905786529e-05	-7.05697759507e-06	0.008	403.626432487
1	0	403	BPM		MQD4BFF	76.761148779	-8.64371691378e-05	3.82105316674e-05	-2.08436590881e-05	-9.65195190441e-07	0.008	107.871059004
1	0	409	BPM		MSD4FF	77.351979775	-6.38661408957e-05	3.81777953752e-05	-2.14106107045e-05	-9.43128081945e-07	0.008	59.7506526504
1	0	415	BPM		MQD4AFF	77.881148775	-4.54136242501e-05	2.37239596601e-05	-2.11451413906e-05	5.46299185247e-06	0.008	30.969584022
1	0	424	BPM		MQF3FF	80.681231805	1.98716187281e-05	1.38409596025e-05	-6.27375366375e-06	1.82578683994e-06	0.008	4.08655413677
1	0	435	BPM		MQD2BFF	82.381314805	4.43802821334e-05	2.21912186014e-05	-3.06727089322e-06	2.51235465261e-06	0.008	26.1173446247
1	0	447	BPM		MQD2AFF	84.081314805	8.48390967264e-05	4.54325803748e-05	1.17507434173e-06	2.25238013015e-06	0.008	101.480415234
1	0	453	BPM		MSF1FF	88.688314805	0.000294146994513	4.54325803748e-05	1.15517896013e-05	2.25238013015e-06	0.008	1250.0278371
1	0	463	BPM		MQF1FF	89.756314805	0.000263047528927	-0.000183324828327	1.7408316321e-05	1.25901912137e-05	0.008	1000.52037145
1	0	465	BPM		MSD0FF	90.053314805	0.000208600054913	-0.000183324828327	2.11476031115e-05	1.25901912137e-05	0.008	629.408625384
1	0	475	BPM		MQD0FF	91.121314805	5.64386608028e-05	-6.50765547713e-05	2.16542090337e-05	-2.45782335106e-05	0.008	46.5548236756
1	0	477	BPM		MPREIP	91.575314805	2.68939049367e-05	-6.50765547713e-05	1.04956910199e-05	-2.45782335106e-05	0.008	10.8565421406
1	0	479	BPM		IPBPMA	91.851114805	8.94579113075e-06	-6.50765547713e-05	3.71701421769e-06	-2.45782335106e-05	0.008	1.33512390657
1	0	481	BPM		IPBPMB	91.932114805	3.67459019428e-06	-6.50765547713e-05	1.72617730333e-06	-2.45782335106e-05	0.008	0.285475438632
1	0	485	BPM		IP	92.002314805	-8.93783950669e-07	-6.50765547713e-05	7.8531089356e-10	-2.45782335106e-05	0.008	0.0172837538022
1	0	490	BPM		MPIP	92.627314805	-4.15666306827e-05	-6.50765547713e-05	-1.53606106332e-05	-2.45782335106e-05	0.008	23.8898571521
1	0	497	BPM		MDUMP	95.493753965	-0.000226322851071	-6.50766246684e-05	-8.06554249859e-05	-1.99392826969e-05	0.008	726.71552145
2	0	13	BPM		MB1X	2.978450711	7.78089856717e-05	2.5508536342e-05	-1.16002412125e-07	1.0585403473e-07	0.008	15.3352332383
2	0	24	BPM		MB2X	5.100093787	6.71542027368e-05	-9.15412165817e-06	3.7555625568e-08	6.82865385055e-08	0.008	11.9113337477
2	0	37	BPM		MQF1X	7.213398787	3.73251549242e-05	-5.81498143008e-05	2.03543033536e-07	2.62007533803e-07	0.008	4.42488766037
2	0	50	BPM		MQD2X	9.212008787	-8.59884285167e-05	-0.000127140028379	6.55141761919e-07	-3.74498998766e-07	0.008	19.7382121893
2	0	55	BPM		MQF3X	10.195118867	-0.000194995735764	8.47706254754e-07	3.16442647256e-07	-1.45059796343e-07	0.008	102.557893592
2	0	66	BPM		MQF4X	14.500587667	-0.000175187162386	0.000127935964266	-3.32908999365e-07	-3.46187816763e-07	0.008	84.8288989368
2	0	70	BPM		MQD5X	15.219697747	-8.31871208879e-05	0.000127935964266	-5.81856147972e-07	-3.46187816763e-07	0.008	19.3465195272
2	0	83	BPM		MQF6X	17.230307747	5.40527788614e-05	6.44092595489e-05	-2.27978621329e-07	2.10674815204e-07	0.008	7.50255767483
2	0	99	BPM		MQF7X	20.670188907	4.4811320918e-05	-2.47154489634e-05	-3.06927858348e-07	-1.41791114723e-07	0.008	6.80940010761
2	0	106	BPM		MQD8X	22.928710107	-1.14993416157e-05	-2.94561574774e-05	-5.88174259832e-07	1.99761074641e-07	0.008	0.860761893011
2	0	117	BPM		MQF9X	24.807618927	-6.684505189e-05	-2.94557892762e-05	-2.12823124383e-07	1.9978074631e-07	0.008	12.19422041
2	0	128	BPM		FONTP1	27.220370427	-1.327262701e-05	2.57281753785e-05	-6.64672200087e-08	5.13168449087e-08	0.008	0.643679747596
2	0	136	BPM		MQD10X	27.745370427	-3.03413899059e-07	2.20046737069e-05	-3.27422788342e-08	1.0556591665e-07	0.008	0.781747716288
2	0	144	BPM		MQF11X	29.195370427	2.82137835344e-05	-6.69972425698e-06	1.3334347035e-07	2.19433724665e-07	0.008	9.71975859973
2	0	150	BPM		FONTP2	30.123370427	2.1996439424e-05	-6.69972425698e-06	3.3697796684e-07	2.19433724665e-07	0.008	3.49960138043
2	0	158	BPM		MQD12X	30.645370427	2.09192065326e-05	1.37339287813e-05	4.01439689661e-07	-2.01684896944e-07	0.008	1.95135048572
2	0	165	BPM		MQF13X	31.713768577	2.8809688312e-05	-3.00648945964e-05	2.34088130331e-07	1.09523996174e-07	0.008	2.27220773025
2	0	171	BPM		MQD14X	32.749308157	-1.84837978558e-06	-2.75917195203e-05	2.97313443239e-07	-2.15221696194e-07	0.008	0.711537526219
2	0	173	BPM		FONTP3	33.025308157	-9.46369437318e-06	-2.75917195203e-05	2.37912255089e-07	-2.15221696194e-07	0.008	1.96273002666
2	0	180	BPM		MQF15X	33.784847737	-2.51881765097e-05	6.69972515019e-06	9.88624837227e-08	-6.05788710502e-08	0.008	6.2672256988
2	0	190	BPM		MQD16X	34.783245887	-2.09192064955e-05	-1.37339279518e-05	3.27422975703e-08	-1.05565923572e-07	0.008	1.95135044383
2	0	197	BPM		MQF17X	36.233245887	-3.61976562386e-05	2.50587338793e-05	-1.33343460443e-07	-2.19433721496e-07	0.008	3.43222345947
2	0	209	BPM		MQD18X	38.615745887	2.51446066088e-05	3.94410586025e-05	-6.05864906787e-07	2.03237605484e-07	0.008	4.36234390307
2	0	220	BPM		MQF19X	40.060395787	7.62448971405e-05	-1.02233871653e-05	-3.39270111602e-07	-2.21415483207e-08	0.008	30.4932958078
2	0	240	BPM		MQD20X	43.821730787	3.77913131772e-05	-1.02233871653e-05	-4.22551892255e-07	-2.21415483207e-08	0.008	4.57925400606
2	0	255	BPM		MQF21X	47.818400787	4.06393004523e-05	-1.13402193707e-05	-8.82022298325e-09	1.01001203223e-07	0.008	5.24643065588
2	0	259	BPM		IPT1	49.537065787	3.18392902206e-05	-1.13402193707e-05	6.95567107175e-08	1.01001203223e-07	0.008	3.9858629756
2	0	261	BPM		IPT2	49.613065787	3.09774335485e-05	-1.13402193707e-05	7.72328021624e-08	1.01001203223e-07	0.008	3.88596603108
2	0	263	BPM		IPT3	49.777065787	2.91176375716e-05	-1.13402193707e-05	9.37969994909e-08	1.01001203223e-07	0.008	3.68472050156
2	0	265	BPM		IPT4	49.853065787	2.82557808995e-05	-1.13402193707e-05	1.01473090936e-07	1.01001203223e-07	0.008	3.59809719921
2	0	276	BPM		MQM16FF	54.283065787	-2.19813909129e-05	-1.13402193707e-05	5.48908421212e-07	1.01001203223e-07	0.008	5.81210707531
2	0	290	BPM		MQM15FF	56.021065787	-2.0905016293e-05	-4.59136416792e-06	1.2173679876e-06	5.06306395224e-08	0.008	1.36174597293
2	0	296	BPM		MQM14FF	57.521065787	-3.14848347373e-05	-3.62402074953e-05	1.12559695244e-06	-1.33840683545e-06	0.008	3.19703586141
2	0	298	BPM		MFB2FF	58.354065787	-6.16729275809e-05	-3.62402074953e-05	1.07040585119e-08	-1.33840683545e-06	0.008	14.271282169
2	0	305	BPM		MQM13FF	59.021065787	-7.726903237e-05	3.58331809739e-05	-9.57565847071e-07	-2.01467332233e-06	0.008	23.5125663361
2	0	311	BPM		MQM12FF	60.521065787	-2.23768692001e-05	4.50557745052e-05	-4.12778591238e-06	-3.28452885323e-06	0.008	2.73940973685
2	0	313	BPM		MFB1FF	61.236820787	9.87202668089e-06	4.50557745052e-05	-6.47870386173e-06	-3.28452885323e-06	0.008	0.255752591411
2	0	319	BPM		MQM11FF	62.121065787	4.97123700083e-05	4.50557745052e-05	-9.38303207755e-06	-3.28452885323e-06	0.008	7.85570321395
2	0	325	BPM		MQD10BFF	63.621065787	0.000121137404891	7.78250278411e-05	-1.38352225323e-05	7.14073585623e-07	0.008	50.8856775831
2	0	333	BPM		MQD10AFF	64.521065787	0.000197418601809	0.000131081851395	-1.27362035786e-05	4.52787705766e-06	0.008	137.024437547
2	0	341	BPM		MQF9BFF	65.821065787	0.000352230017767	-6.54929315254e-07	-7.19104916353e-06	1.69386668826e-06	0.008	439.005552092
2	0	347	BPM		MSF6FF	66.411896783	0.000351763619995	-1.18514722475e-06	-6.19317485489e-06	1.67444244856e-06	0.008	438.793162943
2	0	353	BPM		MQF9AFF	66.941065783	0.000335421953612	-0.000132536188224	-5.55915541347e-06	-4.37156263494e-07	0.008	400.24109049
2	0	359	BPM		MQD8FF	68.741065783	0.000105321037182	-6.30192985741e-05	-5.89948073091e-06	3.29133050736e-06	0.008	41.0567667556
2	0	365	BPM		MQF7FF	70.641065783	-1.40789678635e-05	-5.92519871185e-05	3.45482532708e-07	3.26860672979e-06	0.008	0.309945436523
2	0	374	BPM		MQD6FF	72.541148783	-0.000135199964189	-0.000132696707527	6.11517553132e-06	-3.79021482865e-07	0.008	61.0555730884
2	0	383	BPM		MQF5BFF	74.341148783	-0.000358298851881	3.91331055182e-07	5.68034127379e-06	1.70684446198e-06	0.008	440.258815835
2	0	389	BPM		MSF5FF	74.931979779	-0.000358060044882	4.42030690091e-07	6.68907048386e-06	1.70866650478e-06	0.008	441.186463147
2	0	395	BPM		MQF5AFF	75.461148779	-0.000341926088336	0.000133356552825	7.92421207572e-06	4.52199542843e-06	0.008	403.626432487
2	0	403	BPM		MQD4BFF	76.761148779	-0.000175245240029	7.80601775603e-05	1.33413504534e-05	6.23026896755e-07	0.008	107.871059004
2	0	409	BPM		MSD4FF	77.351979775	-0.000129146954112	7.79136808141e-05	1.37051585309e-05	5.94438828928e-07	0.008	59.7506526504
2	0	415	BPM		MQD4AFF	77.881148775	-9.14465137486e-05	4.87733267043e-05	1.35304493331e-05	-3.50506788401e-06	0.008	30.969584022
2	0	424	BPM		MQF3FF	80.681231805	4.26465015119e-05	2.74144074773e-05	3.98654820841e-06	-1.19182809933e-06	0.008	4.08655413677
2	0	435	BPM		MQD2BFF	82.381314805	9.12681656377e-05	4.46110732801e-05	1.89644836657e-06	-1.61812924163e-06	0.008	26.1173446247
2	0	447	BPM		MQD2AFF	84.081314805	0.00017267372907	9.19330070565e-05	-8.33202365065e-07	-1.42799357006e-06	0.008	101.480415234
2	0	453	BPM		MSF1FF	88.688314805	0.000596209092579	9.19330070565e-05	-7.41196874235e-06	-1.42799357006e-06	0.008	1250.0278371
2	0	463	BPM		MQF1FF	89.756314805	0.000533225867299	-0.000371514027797	-1.11418694448e-05	-8.04255674467e-06	0.008	1000.52037145
2	0	465	BPM		MSD0FF	90.053314805	0.000422886201043	-0.000371514027797	-1.3530508798e-05	-8.04255674467e-06	0.008	629.408625384
2	0	475	BPM		MQD0FF	91.121314805	0.000114425322235	-0.000131928502767	-1.3852888533e-05	1.57234223492e-05	0.008	46.5548236756
2	0	477	BPM		MPREIP	91.575314805	5.45297819794e-05	-0.000131928502767	-6.71445478653e-06	1.57234223492e-05	0.008	10.8565421406
2	0	479	BPM		IPBPMA	91.851114805	1.81439009163e-05	-0.000131928502767	-2.37793490264e-06	1.57234223492e-05	0.008	1.33512390657
2	0	481	BPM		IPBPMB	91.932114805	7.45769219219e-06	-0.000131928502767	-1.10433769235e-06	1.57234223492e-05	0.008	0.285475438632
2	0	485	BPM		IP	92.002314805	-1.80368870204e-06	-0.000131928502767	-5.53443443772e-10	1.57234223492e-05	0.008	0.0172837538022
2	0	490	BPM		MPIP	92.627314805	-8.42590029313e-05	-0.000131928502767	9.82658552478e-06	1.57234223492e-05	0.008	23.8898571521
2	0	497	BPM		MDUMP	95.493753965	-0.000458811089636	-0.000131928823449	5.15960023794e-05	1.27547268256e-05	0.008	726.71552145
3	0	13	BPM		MB1X	2.978450711	-4.09963976215e-06	5.70972086222e-07	-2.4607660271e-07	-2.15630469669e-07	0.008	15.3352332383
3	0	24	BPM		MB2X	5.100093787	1.72282945991e-07	2.19532751574e-06	-9.33321979875e-07	-3.37401793569e-07	0.008	11.9113337477
3	0	37	BPM		MQF1X	7.213398787	4.17059841349e-06	-2.50546737204e-06	-1.8490261962e-06	-2.12926565519e-06	0.008	4.42488766037
3	0	50	BPM		MQD2X	9.212008787	-1.00059283866e-06	-3.21226727698e-06	-5.49894159159e-06	3.22125084384e-06	0.008	19.7382121893
3	0	55	BPM		MQF3X	10.195118867	-3.85245435865e-06	-7.47383849154e-07	-2.57395107415e-06	1.34117400225e-06	0.008	102.557893592
3	0	66	BPM		MQF4X	14.500587667	-6.48318719296e-06	3.88401971104e-06	3.46024158504e-06	3.44498240929e-06	0.008	84.8288989368
3	0	70	BPM		MQD5X	15.219697747	-3.69014946784e-06	3.88401971104e-06	5.93756316099e-06	3.44498240929e-06	0.008	19.3465195272
3	0	83	BPM		MQF6X	17.230307747	-1.51363894507e-06	9.52952435082e-07	2.1686423725e-06	-2.22758989351e-06	0.008	7.50255767483
3	0	99	BPM		MQF7X	20.670188907	6.31342851548e-06	-1.57039017338e-07	2.03144757818e-06	7.72413402227e-07	0.008	6.80940010761
3	0	106	BPM		MQD8X	22.928710107	6.35126189812e-06	3.31163969795e-06	3.54045858557e-06	-1.28909387721e-06	0.008	0.860761893011
3	0	117	BPM		MQF9X	24.807618927	1.25736251703e-05	3.31159830255e-06	1.11826355911e-06	-1.28920682905e-06	0.008	12.19422041
3	0	128	BPM		FONTP1	27.220370427	-2.28288109608e-06	-6.80104457123e-06	-2.95158637393e-07	-5.38895517242e-07	0.008	0.643679747596
3	0	136	BPM		MQD10X	27.745370427	-6.58787004927e-06	-1.33090878006e-05	-5.06009190619e-07	7.48826045028e-08	0.008	0.781747716288
3	0	144	BPM		MQF11X	29.195370427	-2.3027482355e-05	1.07493514587e-05	-4.48158209787e-07	-3.55289450347e-07	0.008	9.71975859973
3	0	150	BPM		FONTP2	30.123370427	-1.30520842013e-05	1.07493514587e-05	-7.77866819709e-07	-3.55289450347e-07	0.008	3.49960138043
3	0	158	BPM		MQD12X	30.645370427	-8.56154098865e-06	1.50189725578e-06	-8.54508294008e-07	5.56265162341e-07	0.008	1.95135048572
3	0	165	BPM		MQF13X	31.713768577	-5.48202389345e-06	1.08928135638e-05	-3.3803834217e-07	5.95595633597e-08	0.008	2.27220773025
3	0	171	BPM		MQD14X	32.749308157	6.41851819863e-06	1.52002640427e-05	-2.32532065539e-07	3.39747309739e-07	0.008	0.711537526219
3	0	173	BPM		FONTP3	33.025308157	1.06137910744e-05	1.52002640427e-05	-1.38761808051e-07	3.39747309739e-07	0.008	1.96273002666
3	0	180	BPM		MQF15X	33.784847737	1.81730555386e-05	-1.0749351793e-05	1.32187327027e-07	4.3452011591e-07	0.008	6.2672256988
3	0	190	BPM		MQD16X	34.783245887	8.56154083153e-06	-1.50189770109e-06	5.06009167185e-07	-7.48825930627e-08	0.008	1.95135044383
3	0	197	BPM		MQF17X	36.233245887	5.59543757974e-06	-7.98992819929e-06	4.48158201881e-07	3.55289453081e-07	0.008	3.43222345947
3	0	209	BPM		MQD18X	38.615745887	-1.44553358702e-05	-1.67483891336e-05	1.19451433957e-06	-4.8482050656e-07	0.008	4.36234390307
3	0	220	BPM		MQF19X	40.060395787	-3.58639069077e-05	6.76311094901e-06	5.38756785607e-07	-1.15060496602e-07	0.008	30.4932958078
3	0	240	BPM		MQD20X	43.821730787	-1.04255809863e-05	6.76311094901e-06	1.05975712621e-07	-1.15060496602e-07	0.008	4.57925400606
3	0	255	BPM		MQF21X	47.818400787	4.54404397293e-06	2.39845756478e-06	-4.7971366406e-07	-2.85008628153e-07	0.008	5.24643065588
3	0	259	BPM		IPT1	49.537065787	6.4052470432e-06	2.39845756478e-06	-7.00880359506e-07	-2.85008628153e-07	0.008	3.9858629756
3	0	261	BPM		IPT2	49.613065787	6.58752981812e-06	2.39845756478e-06	-7.22541015246e-07	-2.85008628153e-07	0.008	3.88596603108
3	0	263	BPM		IPT3	49.777065787	6.98087685874e-06	2.39845756478e-06	-7.69282430263e-07	-2.85008628153e-07	0.008	3.68472050156
3	0	265	BPM		IPT4	49.853065787	7.16315963367e-06	2.39845756478e-06	-7.90943086002e-07	-2.85008628153e-07	0.008	3.59809719921
3	0	276	BPM		MQM16FF	54.283065787	1.77883266456e-05	2.39845756478e-06	-2.05353130872e-06	-2.85008628153e-07	0.008	5.81210707531
3	0	290	BPM		MQM15FF	56.021065787	5.48799412719e-06	-5.92224907916e-06	-4.38854025503e-06	-1.40655171239e-07	0.008	1.36174597293
3	0	296	BPM		MQM14FF	57.521065787	-3.73904484472e-06	-9.03628227562e-06	-4.0023065631e-06	4.80427736306e-06	0.008	3.19703586141
3	0	298	BPM		MFB2FF	58.354065787	-1.12662679803e-05	-9.03628227562e-06	-3.43519671732e-10	4.80427736306e-06	0.008	14.271282169
3	0	305	BPM		MQM13FF	59.021065787	-1.55928078405e-05	5.30274289186e-06	3.47950820838e-06	7.26749694196e-06	0.008	23.5125663361
3	0	311	BPM		MQM12FF	60.521065787	-7.30449707107e-06	8.04883284687e-06	1.49164070988e-05	1.18568174427e-05	0.008	2.73940973685
3	0	313	BPM		MFB1FF	61.236820787	-1.54350471676e-06	8.04883284687e-06	2.34029834675e-05	1.18568174427e-05	0.008	0.255752591411
3	0	319	BPM		MQM11FF	62.121065787	5.57363548392e-06	8.04883284687e-06	3.38873150072e-05	1.18568174427e-05	0.008	7.85570321395
3	0	325	BPM		MQD10BFF	63.621065787	1.82183395355e-05	1.29344431314e-05	4.99587403719e-05	-2.5821906575e-06	0.008	50.8856775831
3	0	333	BPM		MQD10AFF	64.521065787	3.08297525777e-05	2.12250674487e-05	4.59869825414e-05	-1.63529396662e-05	0.008	137.024437547
3	0	341	BPM		MQF9BFF	65.821065787	5.59480107961e-05	3.18996380241e-07	2.59595198418e-05	-6.12190660907e-06	0.008	439.005552092
3	0	347	BPM		MSF6FF	66.411896783	5.61348135507e-05	3.07841562716e-07	2.23441841937e-05	-6.11073314811e-06	0.008	438.793162943
3	0	353	BPM		MQF9AFF	66.941065783	5.37814639083e-05	-2.07296352181e-05	2.0018707539e-05	1.49672286229e-06	0.008	400.24109049
3	0	359	BPM		MQD8FF	68.741065783	1.78879583099e-05	-9.04350289475e-06	2.11138550525e-05	-1.18524776734e-05	0.008	41.0567667556
3	0	365	BPM		MQF7FF	70.641065783	5.7392247665e-07	-1.00014031674e-05	-1.3836703077e-06	-1.18439727245e-05	0.008	0.309945436523
3	0	374	BPM		MQD6FF	72.541148783	-1.96566748047e-05	-2.05857439778e-05	-2.22804979352e-05	1.45142698728e-06	0.008	61.0555730884
3	0	383	BPM		MQF5BFF	74.341148783	-5.43253808131e-05	-4.28571321676e-07	-2.05640899905e-05	-6.1032881676e-06	0.008	440.258815835
3	0	389	BPM		MSF5FF	74.931979779	-5.45784499254e-05	-4.27610037056e-07	-2.41702518176e-05	-6.10429080621e-06	0.008	441.186463147
3	0	395	BPM		MQF5AFF	75.461148779	-5.2372694273e-05	1.99078303285e-05	-2.85951692052e-05	-1.62590747135e-05	0.008	403.626432487
3	0	403	BPM		MQD4BFF	76.761148779	-2.7537330618e-05	1.1254705111e-05	-4.80691523617e-05	-2.20978428626e-06	0.008	107.871059004
3	0	409	BPM		MSD4FF	77.351979775	-2.08855891376e-05	1.12688367495e-05	-4.93722819539e-05	-2.19327765814e-06	0.008	59.7506526504
3	0	415	BPM		MQD4AFF	77.881148775	-1.55112731039e-05	6.39279928388e-06	-4.87696322387e-05	1.25812861749e-05	0.008	30.969584022
3	0	424	BPM		MQF3FF	80.681231805	2.29395744978e-06	5.50626268126e-06	-1.45255431432e-05	4.16416553352e-06	0.008	4.08655413677
3	0	435	BPM		MQD2BFF	82.381314805	1.19108962322e-05	7.70578509157e-06	-7.20635756533e-06	5.773613367e-06	0.008	26.1173446247
3	0	447	BPM		MQD2AFF	84.081314805	2.58386639447e-05	1.4752453045e-05	2.54832715387e-06	5.22136426346e-06	0.008	101.480415234
3	0	453	BPM		MSF1FF	88.688314805	9.38032151231e-05	1.4752453045e-05	2.66031523156e-05	5.22136426346e-06	0.008	1250.0278371
3	0	463	BPM		MQF1FF	89.756314805	8.41032907912e-05	-5.83486115006e-05	4.01483231224e-05	2.90690211042e-05	0.008	1000.52037145
3	0	465	BPM		MSD0FF	90.053314805	6.67737531755e-05	-5.83486115006e-05	4.87818223903e-05	2.90690211042e-05	0.008	629.408625384
3	0	475	BPM		MQD0FF	91.121314805	1.85601439204e-05	-2.00966433551e-05	4.99517358963e-05	-5.67006153354e-05	0.008	46.5548236756
3	0	477	BPM		MPREIP	91.575314805	9.43626783716e-06	-2.00966433551e-05	2.42096565341e-05	-5.67006153354e-05	0.008	10.8565421406
3	0	479	BPM		IPBPMA	91.851114805	3.89361359983e-06	-2.00966433551e-05	8.57162682458e-06	-5.67006153354e-05	0.008	1.33512390657
3	0	481	BPM		IPBPMB	91.932114805	2.26578548807e-06	-2.00966433551e-05	3.97887698241e-06	-5.67006153354e-05	0.008	0.285475438632
3	0	485	BPM		IP	92.002314805	8.55001124539e-07	-2.00966433551e-05	-1.50621413329e-09	-5.67006153354e-05	0.008	0.0172837538022
3	0	490	BPM		MPIP	92.627314805	-1.17054009724e-05	-2.00966433551e-05	-3.54393907987e-05	-5.67006153354e-05	0.008	23.8898571521
3	0	497	BPM		MDUMP	95.493753965	-6.87635823427e-05	-2.00966014709e-05	-0.000186074421424	-4.60010211021e-05	0.008	726.71552145
4	0	13	BPM		MB1X	2.978450711	-1.80993832901e-05	-9.13725444642e-06	3.42319595498e-08	-2.16781670973e-07	0.008	15.3352332383
4	0	24	BPM		MB2X	5.100093787	-2.18284338543e-05	-7.36388533076e-07	-4.38076864042e-07	-2.2343216649e-07	0.008	11.9113337477
4	0	37	BPM		MQF1X	7.213398787	-1.89494677689e-05	2.28434767113e-05	-1.02146647157e-06	-1.20912243153e-06	0.008	4.42488766037
4	0	50	BPM		MQD2X	9.212008787	2.92553577067e-05	4.6155033306e-05	-3.09708564958e-06	1.80319966284e-06	0.008	19.7382121893
4	0	55	BPM		MQF3X	10.195118867	6.89912494006e-05	9.7841862377e-07	-1.46134418412e-06	7.37821596115e-07	0.008	102.557893592
4	0	66	BPM		MQF4X	14.500587667	6.70385546026e-05	-4.75341357186e-05	1.85432177044e-06	1.86371554126e-06	0.008	84.8288989368
4	0	70	BPM		MQD5X	15.219697747	3.28562784633e-05	-4.75341357186e-05	3.19453840241e-06	1.86371554126e-06	0.008	19.3465195272
4	0	83	BPM		MQF6X	17.230307747	-1.48055975089e-05	-2.22539796504e-05	1.18524617507e-06	-1.18936993722e-06	0.008	7.50255767483
4	0	99	BPM		MQF7X	20.670188907	-2.49355604848e-05	8.19037908329e-06	1.22188732923e-06	4.94589352996e-07	0.008	6.80940010761
4	0	106	BPM		MQD8X	22.928710107	-6.93679465757e-06	3.90809775685e-06	2.19320013448e-06	-7.81342474081e-07	0.008	0.860761893011
4	0	117	BPM		MQF9X	24.807618927	4.06095529757e-07	3.90804890573e-06	7.25062989727e-07	-7.81413220209e-07	0.008	12.19422041
4	0	128	BPM		FONTP1	27.220370427	8.07642048224e-06	3.12525206298e-06	-4.47566937195e-08	-2.88148134328e-07	0.008	0.643679747596
4	0	136	BPM		MQD10X	27.745370427	1.11184470858e-05	1.52071718023e-05	-1.73813404303e-07	-9.46912221361e-08	0.008	0.781747716288
4	0	144	BPM		MQF11X	29.195370427	2.94738651162e-05	-1.58340562889e-05	-3.48025122233e-07	-4.1186322026e-07	0.008	9.71975859973
4	0	150	BPM		FONTP2	30.123370427	1.47798608801e-05	-1.58340562889e-05	-7.30234190635e-07	-4.1186322026e-07	0.008	3.49960138043
4	0	158	BPM		MQD12X	30.645370427	7.61297266724e-06	-6.9178457075e-06	-8.39554504965e-07	4.75226158438e-07	0.008	1.95135048572
4	0	165	BPM		MQF13X	31.713768577	-6.98110267656e-08	-8.57950991012e-06	-4.22122596508e-07	-1.05871988726e-07	0.008	2.27220773025
4	0	171	BPM		MQD14X	32.749308157	-1.01449276087e-05	-1.65789140472e-05	-4.53306633044e-07	4.00286643325e-07	0.008	0.711537526219
4	0	173	BPM		FONTP3	33.025308157	-1.47207078857e-05	-1.65789140472e-05	-3.42827519486e-07	4.00286643325e-07	0.008	1.96273002666
4	0	180	BPM		MQF15X	33.784847737	-2.23231760478e-05	1.58340565617e-05	-6.2560055326e-08	2.55293963127e-07	0.008	6.2672256988
4	0	190	BPM		MQD16X	34.783245887	-7.6129724163e-06	6.9178461864e-06	1.73813372041e-07	9.46912352255e-08	0.008	1.95135044383
4	0	197	BPM		MQF17X	36.233245887	2.24982153046e-06	5.32891376342e-06	3.48025107062e-07	4.11863217621e-07	0.008	3.43222345947
4	0	209	BPM		MQD18X	38.615745887	1.61176218384e-05	1.53680749884e-05	1.22704264123e-06	-4.47014479541e-07	0.008	4.36234390307
4	0	220	BPM		MQF19X	40.060395787	3.55421267498e-05	-8.0350661219e-06	6.323434014e-07	-2.19533507893e-08	0.008	30.4932958078
4	0	240	BPM		MQD20X	43.821730787	5.31955131818e-06	-8.0350661219e-06	5.49769494709e-07	-2.19533507893e-08	0.008	4.57925400606
4	0	255	BPM		MQF21X	47.818400787	-2.0637276655e-05	-3.75021786546e-07	-1.91346028801e-07	-2.40696704941e-07	0.008	5.24643065588
4	0	259	BPM		IPT1	49.537065787	-2.09282935613e-05	-3.75021786546e-07	-3.78126671836e-07	-2.40696704941e-07	0.008	3.9858629756
4	0	261	BPM		IPT2	49.613065787	-2.09567952171e-05	-3.75021786546e-07	-3.96419621411e-07	-2.40696704941e-07	0.008	3.88596603108
4	0	263	BPM		IPT3	49.777065787	-2.10182987901e-05	-3.75021786546e-07	-4.35893881022e-07	-2.40696704941e-07	0.008	3.68472050156
4	0	265	BPM		IPT4	49.853065787	-2.10468004459e-05	-3.75021786546e-07	-4.54186830597e-07	-2.40696704941e-07	0.008	3.59809719921
4	0	276	BPM		MQM16FF	54.283065787	-2.27081469603e-05	-3.75021786546e-07	-1.52047323349e-06	-2.40696704941e-07	0.008	5.81210707531
4	0	290	BPM		MQM15FF	56.021065787	-2.47565849363e-06	1.13802933472e-05	-3.3023339418e-06	-1.19725590885e-07	0.008	1.36174597293
4	0	296	BPM		MQM14FF	57.521065787	1.63541975787e-05	2.67414896167e-05	-3.0300708198e-06	3.62200400954e-06	0.008	3.19703586141
4	0	298	BPM		MFB2FF	58.354065787	3.86298584294e-05	2.67414896167e-05	-1.2941479855e-08	3.62200400954e-06	0.008	14.271282169
4	0	305	BPM		MQM13FF	59.021065787	5.08704741807e-05	-2.03649378249e-05	2.60916314941e-06	5.46715636212e-06	0.008	23.5125663361
4	0	311	BPM		MQM12FF	60.521065787	1.93975456392e-05	-2.79172018725e-05	1.12125191155e-05	8.91673990746e-06	0.008	2.73940973685
4	0	313	BPM		MFB1FF	61.236820787	-5.84331187037e-07	-2.79172018725e-05	1.75947202879e-05	8.91673990746e-06	0.008	0.255752591411
4	0	319	BPM		MQM11FF	62.121065787	-2.52699773568e-05	-2.79172018725e-05	2.54793029674e-05	8.91673990746e-06	0.008	7.85570321395
4	0	325	BPM		MQD10BFF	63.621065787	-6.93339395724e-05	-4.66015237009e-05	3.75657512676e-05	-1.94042125591e-06	0.008	50.8856775831
4	0	333	BPM		MQD10AFF	64.521065787	-0.000114899857534	-7.75537754689e-05	3.45803115979e-05	-1.22954103035e-05	0.008	137.024437547
4	0	341	BPM		MQF9BFF	65.821065787	-0.000206578147856	-3.23589066434e-07	1.9522278567e-05	-4.60149635593e-06	0.008	439.005552092
4	0	347	BPM		MSF6FF	66.411896783	-0.000206796556069	-5.0528000562e-07	1.67989247608e-05	-4.63246699316e-06	0.008	438.793162943
4	0	353	BPM		MQF9AFF	66.941065783	-0.000197805020334	7.6898663431e-05	1.50296608797e-05	1.08100323815e-06	0.008	400.24109049
4	0	359	BPM		MQD8FF	68.741065783	-6.45305663756e-05	3.45975280787e-05	1.5780023529e-05	-8.89876933765e-06	0.008	41.0567667556
4	0	365	BPM		MQF7FF	70.641065783	1.45452949029e-06	3.61537334242e-05	-1.1157567174e-06	-8.93279467033e-06	0.008	0.309945436523
4	0	374	BPM		MQD6FF	72.541148783	7.48413691685e-05	7.65830569792e-05	-1.68707959514e-05	1.13741108617e-06	0.008	61.0555730884
4	0	383	BPM		MQF5BFF	74.341148783	0.0002037396663	9.57562730771e-07	-1.54991680926e-05	-4.55845760519e-06	0.008	440.258815835
4	0	389	BPM		MSF5FF	74.931979779	0.000204307875398	9.73924051766e-07	-1.81920231678e-05	-4.55563043839e-06	0.008	441.186463147
4	0	395	BPM		MQF5AFF	75.461148779	0.000195729879136	-7.50537300342e-05	-2.1501269149e-05	-1.21926915047e-05	0.008	403.626432487
4	0	403	BPM		MQD4BFF	76.761148779	0.000102038011318	-4.29459404395e-05	-3.61027954037e-05	-1.64015218105e-06	0.008	107.871059004
4	0	409	BPM		MSD4FF	77.351979775	7.6657973291e-05	-4.29873208756e-05	-3.70787025347e-05	-1.68577966086e-06	0.008	59.7506526504
4	0	415	BPM		MQD4AFF	77.881148775	5.60494513632e-05	-2.52901373908e-05	-3.66460300505e-05	9.41461461355e-06	0.008	30.969584022
4	0	424	BPM		MQF3FF	80.681231805	-1.40427124026e-05	-1.88994885787e-05	-1.10310117118e-05	3.03095394175e-06	0.008	4.08655413677
4	0	435	BPM		MQD2BFF	82.381314805	-4.71979153212e-05	-2.76829745312e-05	-5.69094485856e-06	4.29455865785e-06	0.008	26.1173446247
4	0	447	BPM		MQD2AFF	84.081314805	-9.73861476485e-05	-5.42875056632e-05	1.57617200645e-06	3.97867212796e-06	0.008	101.480415234
4	0	453	BPM		MSF1FF	88.688314805	-0.000347488686239	-5.42875056632e-05	1.99059145e-05	3.97867212796e-06	0.008	1250.0278371
4	0	463	BPM		MQF1FF	89.756314805	-0.000311068567371	0.000216446492897	3.01556629629e-05	2.1897758237e-05	0.008	1000.52037145
4	0	465	BPM		MSD0FF	90.053314805	-0.00024678395898	0.000216446492897	3.66592971593e-05	2.1897758237e-05	0.008	629.408625384
4	0	475	BPM		MQD0FF	91.121314805	-6.75912322111e-05	7.57516589439e-05	3.75467588947e-05	-4.26181873849e-05	0.008	46.5548236756
4	0	477	BPM		MPREIP	91.575314805	-3.31999790506e-05	7.57516589439e-05	1.8198101822e-05	-4.26181873849e-05	0.008	10.8565421406
4	0	479	BPM		IPBPMA	91.851114805	-1.23076715138e-05	7.57516589439e-05	6.44400574124e-06	-4.26181873849e-05	0.008	1.33512390657
4	0	481	BPM		IPBPMB	91.932114805	-6.17178713936e-06	7.57516589439e-05	2.99193256307e-06	-4.26181873849e-05	0.008	0.285475438632
4	0	485	BPM		IP	92.002314805	-8.54020681499e-07	7.57516589439e-05	1.35808647657e-10	-4.26181873849e-05	0.008	0.0172837538022
4	0	490	BPM		MPIP	92.627314805	4.64907661585e-05	7.57516589439e-05	-2.66362313069e-05	-4.26181873849e-05	0.008	23.8898571521
4	0	497	BPM		MDUMP	95.493753965	0.000261552014223	7.57515818675e-05	-0.000139865250803	-3.45800857443e-05	0.008	726.71552145
5	0	13	BPM		MB1X	2.978450711	1.23846064454e-07	-4.56883409286e-07	1.08919835327e-07	-1.04506970121e-07	0.008	15.3352332383
5	0	24	BPM		MB2X	5.100093787	-8.57058289315e-07	-4.59586286379e-07	-4.70351472273e-08	-6.97218089034e-08	0.008	11.9113337477
5	0	37	BPM		MQF1X	7.213398787	-1.53495023093e-06	1.35426911101e-06	-2.17622437939e-07	-2.77215673484e-07	0.008	4.42488766037
5	0	50	BPM		MQD2X	9.212008787	1.30006085933e-06	2.37239529718e-06	-6.95212528505e-07	3.98303623616e-07	0.008	19.7382121893
5	0	55	BPM		MQF3X	10.195118867	3.35949334795e-06	1.83906100367e-07	-3.34849654847e-07	1.55358846426e-07	0.008	102.557893592
5	0	66	BPM		MQF4X	14.500587667	3.80331583167e-06	-2.55653498439e-06	3.60957172594e-07	3.73585676154e-07	0.008	84.8288989368
5	0	70	BPM		MQD5X	15.219697747	1.96488575452e-06	-2.55653498439e-06	6.2960639806e-07	3.73585676154e-07	0.008	19.3465195272
5	0	83	BPM		MQF6X	17.230307747	-2.60601513575e-07	-1.02666179885e-06	2.4488189119e-07	-2.28847702254e-07	0.008	7.50255767483
5	0	99	BPM		MQF7X	20.670188907	-2.18218479067e-06	3.39755756207e-07	3.19542301186e-07	1.45722258444e-07	0.008	6.80940010761
5	0	106	BPM		MQD8X	22.928710107	-1.51087728962e-06	-5.04017270589e-07	6.08322524328e-07	-2.07593578834e-07	0.008	0.860761893011
5	0	117	BPM		MQF9X	24.807618927	-2.4579009386e-06	-5.04010970387e-07	2.18254424659e-07	-2.07613655408e-07	0.008	12.19422041
5	0	128	BPM		FONTP1	27.220370427	7.53608560324e-07	1.45561232295e-06	6.08052641105e-08	-5.57009797044e-08	0.008	0.643679747596
5	0	136	BPM		MQD10X	27.745370427	1.71511159539e-06	3.19135549135e-06	2.58354712541e-08	-1.01071162044e-07	0.008	0.781747716288
5	0	144	BPM		MQF11X	29.195370427	5.64096018011e-06	-2.71149916133e-06	-1.33863399141e-07	-2.15925003524e-07	0.008	9.71975859973
5	0	150	BPM		FONTP2	30.123370427	3.12468895839e-06	-2.71149916133e-06	-3.34241802411e-07	-2.15925003524e-07	0.008	3.49960138043
5	0	158	BPM		MQD12X	30.645370427	1.97113549105e-06	-5.56299215741e-07	-3.97356154074e-07	2.01082982146e-07	0.008	1.95135048572
5	0	165	BPM		MQF13X	31.713768577	1.07567409074e-06	-2.46614264026e-06	-2.2987717126e-07	-1.0506774276e-07	0.008	2.27220773025
5	0	171	BPM		MQD14X	32.749308157	-1.64508803849e-06	-3.61507692082e-06	-2.89717868396e-07	2.11680727696e-07	0.008	0.711537526219
5	0	173	BPM		FONTP3	33.025308157	-2.64284926863e-06	-3.61507692082e-06	-2.31293987552e-07	2.11680727696e-07	0.008	1.96273002666
5	0	180	BPM		MQF15X	33.784847737	-4.41644218136e-06	2.71149923738e-06	-9.39445098564e-08	6.34518482338e-08	0.008	6.2672256988
5	0	190	BPM		MQD16X	34.783245887	-1.97113545069e-06	5.56299321392e-07	-2.58354896118e-08	1.01071168858e-07	0.008	1.95135044383
5	0	197	BPM		MQF17X	36.233245887	-1.01577229691e-06	1.77256615422e-06	1.33863389486e-07	2.15925000494e-07	0.008	3.43222345947
5	0	209	BPM		MQD18X	38.615745887	3.45115481641e-06	3.87392923799e-06	5.98615597897e-07	-2.01766358007e-07	0.008	4.36234390307
5	0	220	BPM		MQF19X	40.060395787	8.39470710644e-06	-1.63330423673e-06	3.33724615214e-07	2.00643218959e-08	0.008	30.4932958078
5	0	240	BPM		MQD20X	43.821730787	2.25130271518e-06	-1.63330423673e-06	4.09193251412e-07	2.00643218959e-08	0.008	4.57925400606
5	0	255	BPM		MQF21X	47.818400787	-1.67205719e-06	-4.85915778215e-07	3.0384578497e-09	-1.00773287157e-07	0.008	5.24643065588
5	0	259	BPM		IPT1	49.537065787	-2.04912783389e-06	-4.85915778215e-07	-7.51616129841e-08	-1.00773287157e-07	0.008	3.9858629756
5	0	261	BPM		IPT2	49.613065787	-2.08605743304e-06	-4.85915778215e-07	-8.28203828081e-08	-1.00773287157e-07	0.008	3.88596603108
5	0	263	BPM		IPT3	49.777065787	-2.16574762066e-06	-4.85915778215e-07	-9.93472019018e-08	-1.00773287157e-07	0.008	3.68472050156
5	0	265	BPM		IPT4	49.853065787	-2.20267721981e-06	-4.85915778215e-07	-1.07005971726e-07	-1.00773287157e-07	0.008	3.59809719921
5	0	276	BPM		MQM16FF	54.283065787	-4.3552841173e-06	-4.85915778215e-07	-5.53431633831e-07	-1.00773287157e-07	0.008	5.81210707531
5	0	290	BPM		MQM15FF	56.021065787	-1.17284032199e-06	1.5940592987e-06	-1.22550661325e-06	-5.04910834103e-08	0.008	1.36174597293
5	0	296	BPM		MQM14FF	57.521065787	1.35219626544e-06	2.78586966093e-06	-1.13248940741e-06	1.34711942461e-06	0.008	3.19703586141
5	0	298	BPM		MFB2FF	58.354065787	3.672825693e-06	2.78586966093e-06	-1.03389267092e-08	1.34711942461e-06	0.008	14.271282169
5	0	305	BPM		MQM13FF	59.021065787	4.98545464921e-06	-1.81102211002e-06	9.64282046386e-07	2.02819614445e-06	0.008	23.5125663361
5	0	311	BPM		MQM12FF	60.521065787	2.16828325439e-06	-2.6359768297e-06	4.15579277699e-06	3.30667326718e-06	0.008	2.73940973685
5	0	313	BPM		MFB1FF	61.236820787	2.81569658644e-07	-2.6359768297e-06	6.52256070134e-06	3.30667326718e-06	0.008	0.255752591411
5	0	319	BPM		MQM11FF	62.121065787	-2.04927967313e-06	-2.6359768297e-06	9.44647000448e-06	3.30667326718e-06	0.008	7.85570321395
5	0	325	BPM		MQD10BFF	63.621065787	-6.19816672018e-06	-4.30157200966e-06	1.39286712098e-05	-7.18938790137e-07	0.008	50.8856775831
5	0	333	BPM		MQD10AFF	64.521065787	-1.03971455425e-05	-7.09956329717e-06	1.28221922693e-05	-4.55849278803e-06	0.008	137.024437547
5	0	341	BPM		MQF9BFF	65.821065787	-1.87951421047e-05	-7.49489871958e-08	7.23953785923e-06	-1.70536922975e-06	0.008	439.005552092
5	0	347	BPM		MSF6FF	66.411896783	-1.883962465e-05	-7.62868264745e-08	6.23179588854e-06	-1.70641536869e-06	0.008	438.793162943
5	0	353	BPM		MQF9AFF	66.941065783	-1.80359676173e-05	6.98003131461e-06	5.58205545002e-06	4.14970466689e-07	0.008	400.24109049
5	0	359	BPM		MQD8FF	68.741065783	-5.94466992572e-06	3.09023039057e-06	5.88342656201e-06	-3.3049767272e-06	0.008	41.0567667556
5	0	365	BPM		MQF7FF	70.641065783	-3.92066038595e-08	3.32691930085e-06	-3.90109696821e-07	-3.30485592024e-06	0.008	0.309945436523
5	0	374	BPM		MQD6FF	72.541148783	6.70140883609e-06	6.9409598265e-06	-6.22070069156e-06	4.07376603863e-07	0.008	61.0555730884
5	0	383	BPM		MQF5BFF	74.341148783	1.83874905652e-05	1.17128579497e-07	-5.73747086929e-06	-1.70052637228e-06	0.008	440.258815835
5	0	389	BPM		MSF5FF	74.931979779	1.84567114172e-05	1.17246384592e-07	-6.74218040591e-06	-1.70043176678e-06	0.008	441.186463147
5	0	395	BPM		MQF5AFF	75.461148779	1.76967827112e-05	-6.75538468297e-06	-7.97521649334e-06	-4.53269830396e-06	0.008	403.626432487
5	0	403	BPM		MQD4BFF	76.761148779	9.26665896266e-06	-3.84157290259e-06	-1.34040439392e-05	-6.15023946813e-07	0.008	107.871059004
5	0	409	BPM		MSD4FF	77.351979775	6.99708297943e-06	-3.84060629506e-06	-1.37676510863e-05	-6.16567955676e-07	0.008	59.7506526504
5	0	415	BPM		MQD4AFF	77.881148775	5.16112643726e-06	-2.21505897432e-06	-1.36021599807e-05	3.50397520035e-06	0.008	30.969584022
5	0	424	BPM		MQF3FF	80.681231805	-9.94354594605e-07	-1.79207378306e-06	-4.06621940688e-06	1.14881372818e-06	0.008	4.08655413677
5	0	435	BPM		MQD2BFF	82.381314805	-4.13016905091e-06	-2.55748909762e-06	-2.04536551929e-06	1.60467049482e-06	0.008	26.1173446247
5	0	447	BPM		MQD2AFF	84.081314805	-8.75882294246e-06	-4.94800801701e-06	6.67227906566e-07	1.46337580073e-06	0.008	101.480415234
5	0	453	BPM		MSF1FF	88.688314805	-3.15542958768e-05	-4.94800801701e-06	7.40900022051e-06	1.46337580073e-06	0.008	1250.0278371
5	0	463	BPM		MQF1FF	89.756314805	-2.82743194886e-05	1.96378257099e-05	1.11954826799e-05	8.11381630515e-06	0.008	1000.52037145
5	0	465	BPM		MSD0FF	90.053314805	-2.24418852528e-05	1.96378257099e-05	1.36052861225e-05	8.11381630515e-06	0.008	629.408625384
5	0	475	BPM		MQD0FF	91.121314805	-6.20013758173e-06	6.81009878176e-06	1.39331430591e-05	-1.58145950109e-05	0.008	46.5548236756
5	0	477	BPM		MPREIP	91.575314805	-3.10835273481e-06	6.81009878176e-06	6.75331692412e-06	-1.58145950109e-05	0.008	10.8565421406
5	0	479	BPM		IPBPMA	91.851114805	-1.2301274908e-06	6.81009878176e-06	2.3916516201e-06	-1.58145950109e-05	0.008	1.33512390657
5	0	481	BPM		IPBPMB	91.932114805	-6.78509489477e-07	6.81009878176e-06	1.11066942421e-06	-1.58145950109e-05	0.008	0.285475438632
5	0	485	BPM		IP	92.002314805	-2.00440554997e-07	6.81009878176e-06	4.84854444333e-10	-1.58145950109e-05	0.008	0.0172837538022
5	0	490	BPM		MPIP	92.627314805	4.0558711836e-06	6.81009878176e-06	-9.8836370274e-06	-1.58145950109e-05	0.008	23.8898571521
5	0	497	BPM		MDUMP	95.493753965	2.33898747081e-05	6.81010181638e-06	-5.18986101741e-05	-1.28308206932e-05	0.008	726.71552145
6	0	13	BPM		MB1X	2.978450711	9.98030958715e-05	3.70027867333e-05	-3.06501582687e-07	4.11535513605e-07	0.008	15.3352332383
6	0	24	BPM		MB2X	5.100093787	9.44370119684e-05	-7.90969843122e-06	4.02652328906e-07	3.24878365103e-07	0.008	11.9113337477
6	0	37	BPM		MQF1X	7.213398787	6.16046965174e-05	-8.70454058459e-05	1.22097176229e-06	1.49653408625e-06	0.008	4.42488766037
6	0	50	BPM		MQD2X	9.212008787	-0.000122667872398	-0.000185249520072	3.79432352209e-06	-2.19231487395e-06	0.008	19.7382121893
6	0	55	BPM		MQF3X	10.195118867	-0.000281715708568	-4.84657616037e-07	1.80807969041e-06	-8.77209008497e-07	0.008	102.557893592
6	0	66	BPM		MQF4X	14.500587667	-0.000259858115738	0.000187866963677	-2.127845674e-06	-2.16674100274e-06	0.008	84.8288989368
6	0	70	BPM		MQD5X	15.219697747	-0.000124761088459	0.000187866963677	-3.68597096982e-06	-2.16674100274e-06	0.008	19.3465195272
6	0	83	BPM		MQF6X	17.230307747	7.23166283052e-05	9.2338984273e-05	-1.39679737734e-06	1.35799573411e-06	0.008	7.50255767483
6	0	99	BPM		MQF7X	20.670188907	7.68828478017e-05	-3.4966072236e-05	-1.61344519156e-06	-6.95432297662e-07	0.008	6.80940010761
6	0	106	BPM		MQD8X	22.928710107	-1.89739956519e-06	-3.38461392132e-05	-2.98591026017e-06	1.04015651592e-06	0.008	0.860761893011
6	0	117	BPM		MQF9X	24.807618927	-6.54913849889e-05	-3.38457161373e-05	-1.03145916066e-06	1.04025532658e-06	0.008	12.19422041
6	0	128	BPM		FONTP1	27.220370427	-2.36955511073e-05	2.08191700524e-05	-1.28372076096e-07	3.29671645207e-07	0.008	0.643679747596
6	0	136	BPM		MQD10X	27.745370427	-1.51620297457e-05	1.04577106057e-06	4.51944736295e-08	3.223267345e-07	0.008	0.781747716288
6	0	144	BPM		MQF11X	29.195370427	-1.19982557912e-05	1.46631599649e-05	5.70337300832e-07	8.23636358763e-07	0.008	9.71975859973
6	0	150	BPM		FONTP2	30.123370427	1.6091566562e-06	1.46631599649e-05	1.33467184176e-06	8.23636358763e-07	0.008	3.49960138043
6	0	158	BPM		MQD12X	30.645370427	1.01458188439e-05	2.25945553197e-05	1.56828852604e-06	-8.26088765377e-07	0.008	1.95135048572
6	0	165	BPM		MQF13X	31.713768577	2.80855812877e-05	-1.77395818985e-05	8.66319435809e-07	3.39863702648e-07	0.008	2.27220773025
6	0	171	BPM		MQD14X	32.749308157	1.17695332876e-05	-4.64003908946e-06	1.0411276237e-06	-8.05203957051e-07	0.008	0.711537526219
6	0	173	BPM		FONTP3	33.025308157	1.04888824989e-05	-4.64003908946e-06	8.18891331553e-07	-8.05203957051e-07	0.008	1.96273002666
6	0	180	BPM		MQF15X	33.784847737	5.37634486375e-06	-1.46631594618e-05	2.83198375126e-07	-3.28542683517e-07	0.008	6.2672256988
6	0	190	BPM		MQD16X	34.783245887	-1.01458191434e-05	-2.25945551541e-05	-4.51944053795e-08	-3.2232676055e-07	0.008	1.95135044383
6	0	197	BPM		MQF17X	36.233245887	-3.81789594431e-05	1.72220589242e-05	-5.70337266092e-07	-8.23636349231e-07	0.008	3.43222345947
6	0	209	BPM		MQD18X	38.615745887	2.87918631056e-06	1.7772255449e-05	-2.33830235974e-06	8.09678320773e-07	0.008	4.36234390307
6	0	220	BPM		MQF19X	40.060395787	2.65557247457e-05	8.10923256556e-07	-1.27026190013e-06	-3.77305779404e-08	0.008	30.4932958078
6	0	240	BPM		MQD20X	43.821730787	2.96058787729e-05	8.10923256556e-07	-1.41217924351e-06	-3.77305779404e-08	0.008	4.57925400606
6	0	255	BPM		MQF21X	47.818400787	6.70816805292e-05	-1.05169811583e-05	1.154318329e-07	4.15630517143e-07	0.008	5.24643065588
6	0	259	BPM		IPT1	49.537065787	5.89205031503e-05	-1.05169811583e-05	4.37961114203e-07	4.15630517143e-07	0.008	3.9858629756
6	0	261	BPM		IPT2	49.613065787	5.81212125823e-05	-1.05169811583e-05	4.69549033506e-07	4.15630517143e-07	0.008	3.88596603108
6	0	263	BPM		IPT3	49.777065787	5.63964276723e-05	-1.05169811583e-05	5.37712438318e-07	4.15630517143e-07	0.008	3.68472050156
6	0	265	BPM		IPT4	49.853065787	5.55971371043e-05	-1.05169811583e-05	5.69300357621e-07	4.15630517143e-07	0.008	3.59809719921
6	0	276	BPM		MQM16FF	54.283065787	9.00691057297e-06	-1.05169811583e-05	2.41054354856e-06	4.15630517143e-07	0.008	5.81210707531
6	0	290	BPM		MQM15FF	56.021065787	-1.70014802961e-05	-1.96784445169e-05	5.29625137521e-06	2.07684027279e-07	0.008	1.36174597293
6	0	296	BPM		MQM14FF	57.521065787	-5.24597730623e-05	-7.09697635509e-05	4.88033509671e-06	-5.81664559981e-06	0.008	3.19703586141
6	0	298	BPM		MFB2FF	58.354065787	-0.0001115775861	-7.09697635509e-05	3.5069312071e-08	-5.81664559981e-06	0.008	14.271282169
6	0	305	BPM		MQM13FF	59.021065787	-0.000143098913999	6.20477689398e-05	-4.17424331822e-06	-8.76640700161e-06	0.008	23.5125663361
6	0	311	BPM		MQM12FF	60.521065787	-4.76797059104e-05	8.11073187195e-05	-1.79690633598e-05	-1.42944870726e-05	0.008	2.73940973685
6	0	313	BPM		MFB1FF	61.236820787	1.03732629998e-05	8.11073187195e-05	-2.82004139545e-05	-1.42944870726e-05	0.008	0.255752591411
6	0	319	BPM		MQM11FF	62.121065787	8.20920040409e-05	8.11073187195e-05	-4.0840242676e-05	-1.42944870726e-05	0.008	7.85570321395
6	0	325	BPM		MQD10BFF	63.621065787	0.000210411294228	0.000137930832035	-6.02163102356e-05	3.10903573616e-06	0.008	50.8856775831
6	0	333	BPM		MQD10AFF	64.521065787	0.000345457322295	0.000231064870191	-5.5431980817e-05	1.97079543649e-05	0.008	137.024437547
6	0	341	BPM		MQF9BFF	65.821065787	0.000618465287031	-2.03653372828e-07	-3.12960901234e-05	7.37399064239e-06	0.008	439.005552092
6	0	347	BPM		MSF6FF	66.411896783	0.000618100132715	-1.83767434534e-06	-2.69615948517e-05	7.22546013071e-06	0.008	438.793162943
6	0	353	BPM		MQF9AFF	66.941065783	0.000589510784876	-0.000232678269347	-2.42364739934e-05	-1.97731966418e-06	0.008	400.24109049
6	0	359	BPM		MQD8FF	68.741065783	0.000185596818936	-0.000110235039274	-2.58403842059e-05	1.43490838967e-05	0.008	41.0567667556
6	0	365	BPM		MQF7FF	70.641065783	-2.33493722102e-05	-0.000104383317903	1.37755294449e-06	1.41824239004e-05	0.008	0.309945436523
6	0	374	BPM		MQD6FF	72.541148783	-0.000236620982083	-0.000232876824496	2.64213418634e-05	-1.57264329027e-06	0.008	61.0555730884
6	0	383	BPM		MQF5BFF	74.341148783	-0.000628178445987	4.45752631299e-07	2.46643651925e-05	7.48115289083e-06	0.008	440.258815835
6	0	389	BPM		MSF5FF	74.931979779	-0.000627891762413	6.01386323041e-07	2.90865399899e-05	7.4950410562e-06	0.008	441.186463147
6	0	395	BPM		MQF5AFF	75.461148779	-0.000599688352554	0.000233705935805	3.44929776677e-05	1.97385868923e-05	0.008	403.626432487
6	0	403	BPM		MQD4BFF	76.761148779	-0.000307598516128	0.000136659801813	5.81422619706e-05	2.74783684438e-06	0.008	107.871059004
6	0	409	BPM		MSD4FF	77.351979775	-0.000226920506941	0.000136229879876	5.97328826797e-05	2.52896466284e-06	0.008	59.7506526504
6	0	415	BPM		MQD4AFF	77.881148775	-0.000161041799838	8.49459000154e-05	5.89395275225e-05	-1.53309563575e-05	0.008	30.969584022
6	0	424	BPM		MQF3FF	80.681231805	7.26163569435e-05	4.87090338317e-05	1.71792045828e-05	-5.34880059668e-06	0.008	4.08655413677
6	0	435	BPM		MQD2BFF	82.381314805	0.000158930846212	7.86321346992e-05	7.81876586952e-06	-7.11885496004e-06	0.008	26.1173446247
6	0	447	BPM		MQD2AFF	84.081314805	0.000302350237975	0.000161475065019	-4.17217207506e-06	-6.13184495953e-06	0.008	101.480415234
6	0	453	BPM		MSF1FF	88.688314805	0.00104626586252	0.000161475065019	-3.24215818036e-05	-6.13184495953e-06	0.008	1250.0278371
6	0	463	BPM		MQF1FF	89.756314805	0.000936370974289	-0.000651509547948	-4.85527053176e-05	-3.49436344503e-05	0.008	1000.52037145
6	0	465	BPM		MSD0FF	90.053314805	0.000742872638548	-0.000651509547948	-5.89309647493e-05	-3.49436344503e-05	0.008	629.408625384
6	0	475	BPM		MQD0FF	91.121314805	0.000202128419183	-0.000230133351319	-6.03223442136e-05	6.84688559163e-05	0.008	46.5548236756
6	0	477	BPM		MPREIP	91.575314805	9.76478776844e-05	-0.000230133351319	-2.92374836276e-05	6.84688559163e-05	0.008	10.8565421406
6	0	479	BPM		IPBPMA	91.851114805	3.41770993906e-05	-0.000230133351319	-1.03537731659e-05	6.84688559163e-05	0.008	1.33512390657
6	0	481	BPM		IPBPMB	91.932114805	1.55362979338e-05	-0.000230133351319	-4.80779583663e-06	6.84688559163e-05	0.008	0.285475438632
6	0	485	BPM		IP	92.002314805	-6.1906332884e-07	-0.000230133351319	-1.28215130818e-09	6.84688559163e-05	0.008	0.0172837538022
6	0	490	BPM		MPIP	92.627314805	-0.000144452407903	-0.000230133351319	4.27917527964e-05	6.84688559163e-05	0.008	23.8898571521
6	0	497	BPM		MDUMP	95.493753965	-0.000797817111901	-0.000230134260443	0.000224669469061	5.553478817e-05	0.008	726.71552145
7	0	13	BPM		MB1X	2.978450711	-1.84605346034e-05	-7.89118795268e-06	-8.78362169651e-08	3.80716065415e-08	0.008	15.3352332383
7	0	24	BPM		MB2X	5.100093787	-1.94962907654e-05	5.26658102774e-07	-6.84036509108e-08	5.60274937387e-09	0.008	11.9113337477
7	0	37	BPM		MQF1X	7.213398787	-1.47498187244e-05	1.91451343924e-05	-6.39202366102e-08	-5.82979495027e-08	0.008	4.42488766037
7	0	50	BPM		MQD2X	9.212008787	2.57133780611e-05	3.96832898174e-05	-1.62475643404e-07	1.00324754809e-07	0.008	19.7382121893
7	0	55	BPM		MQF3X	10.195118867	5.98308933458e-05	4.73780057291e-07	-7.06250909915e-08	4.77964405185e-08	0.008	102.557893592
7	0	66	BPM		MQF4X	14.500587667	5.66554461476e-05	-4.05575666828e-05	1.46250271152e-07	1.37425216222e-07	0.008	84.8288989368
7	0	70	BPM		MQD5X	15.219697747	2.74900911258e-05	-4.05575666828e-05	2.45074129383e-07	1.37425216222e-07	0.008	19.3465195272
7	0	83	BPM		MQF6X	17.230307747	-1.4105759317e-05	-1.94559031006e-05	8.09286182222e-08	-9.61766420705e-08	0.008	7.50255767483
7	0	99	BPM		MQF7X	20.670188907	-1.89627852071e-05	7.26534340961e-06	2.39670889896e-08	-4.81640967674e-09	0.008	6.80940010761
7	0	106	BPM		MQD8X	22.928710107	-2.78969009222e-06	5.2986132815e-06	1.2204158972e-08	-1.24359853574e-08	0.008	0.860761893011
7	0	117	BPM		MQF9X	24.807618927	7.16591008853e-06	5.29854704898e-06	-1.11619416044e-08	-1.24360068415e-08	0.008	12.19422041
7	0	128	BPM		FONTP1	27.220370427	6.01313894317e-06	-8.74203607599e-07	-6.51456892173e-08	-2.30721192285e-08	0.008	0.643679747596
7	0	136	BPM		MQD10X	27.745370427	6.41444101878e-06	6.44806736281e-06	-6.65962529233e-08	6.57768398276e-08	0.008	0.781747716288
7	0	144	BPM		MQF11X	29.195370427	1.399443974e-05	-8.39529381057e-06	3.11524141898e-08	8.78370804516e-08	0.008	9.71975859973
7	0	150	BPM		FONTP2	30.123370427	6.20360708376e-06	-8.39529381057e-06	1.12665224849e-07	8.78370804516e-08	0.008	3.49960138043
7	0	158	BPM		MQD12X	30.645370427	2.20090316664e-06	-5.39585798198e-06	1.41121904927e-07	-5.87524019278e-08	0.008	1.95135048572
7	0	165	BPM		MQF13X	31.713768577	-3.02804899718e-06	-1.80724416015e-06	9.7624084057e-08	6.65082447437e-08	0.008	2.27220773025
7	0	171	BPM		MQD14X	32.749308157	-5.63238329839e-06	-6.65611331891e-06	1.42823017735e-07	-8.69856438238e-08	0.008	0.711537526219
7	0	173	BPM		FONTP3	33.025308157	-7.46947057441e-06	-6.65611331891e-06	1.18814980039e-07	-8.69856438238e-08	0.008	1.96273002666
7	0	180	BPM		MQF15X	33.784847737	-1.02031094619e-05	8.39529387454e-06	6.75381732705e-08	7.94259395244e-09	0.008	6.2672256988
7	0	190	BPM		MQD16X	34.783245887	-2.20090302643e-06	5.39585817088e-06	6.65962610835e-08	-6.57768425758e-08	0.008	1.95135044383
7	0	197	BPM		MQF17X	36.233245887	5.04580452335e-06	4.60323785139e-07	-3.11524094458e-08	-8.78370784302e-08	0.008	3.43222345947
7	0	209	BPM		MQD18X	38.615745887	6.64509090901e-06	4.73204082774e-06	-2.22088429636e-07	6.64506383172e-08	0.008	4.36234390307
7	0	220	BPM		MQF19X	40.060395787	1.24966546392e-05	-3.55252959472e-06	-1.36816993962e-07	-2.33028217559e-08	0.008	30.4932958078
7	0	240	BPM		MQD20X	43.821730787	-8.65599263929e-07	-3.55252959472e-06	-2.24466713031e-07	-2.33028217559e-08	0.008	4.57925400606
7	0	255	BPM		MQF21X	47.818400787	-1.60624924217e-05	9.60845102596e-07	-5.07983040998e-08	2.88064124185e-08	0.008	5.24643065588
7	0	259	BPM		IPT1	49.537065787	-1.53168766221e-05	9.60845102596e-07	-2.8444528063e-08	2.88064124185e-08	0.008	3.9858629756
7	0	261	BPM		IPT2	49.613065787	-1.52438523943e-05	9.60845102596e-07	-2.62552407192e-08	2.88064124185e-08	0.008	3.88596603108
7	0	263	BPM		IPT3	49.777065787	-1.50862737975e-05	9.60845102596e-07	-2.15309890826e-08	2.88064124185e-08	0.008	3.68472050156
7	0	265	BPM		IPT4	49.853065787	-1.50132495697e-05	9.60845102596e-07	-1.93417017388e-08	2.88064124185e-08	0.008	3.59809719921
7	0	276	BPM		MQM16FF	54.283065787	-1.07567057652e-05	9.60845102596e-07	1.08270705275e-07	2.88064124185e-08	0.008	5.81210707531
7	0	290	BPM		MQM15FF	56.021065787	7.4689814187e-07	7.00948491034e-06	2.559848816e-07	1.46523395555e-08	0.008	1.36174597293
7	0	296	BPM		MQM14FF	57.521065787	1.2654178641e-05	1.91106029154e-05	2.41988867745e-07	-2.83407789214e-07	0.008	3.19703586141
7	0	298	BPM		MFB2FF	58.354065787	2.85733108695e-05	1.91106029154e-05	5.9101793295e-09	-2.83407789214e-07	0.008	14.271282169
7	0	305	BPM		MQM13FF	59.021065787	3.72180439063e-05	-1.54076834067e-05	-1.98719283445e-07	-4.23188704029e-07	0.008	23.5125663361
7	0	311	BPM		MQM12FF	60.521065787	1.34567052196e-05	-2.0699864531e-05	-8.64536966748e-07	-6.89103864202e-07	0.008	2.73940973685
7	0	313	BPM		MFB1FF	61.236820787	-1.35932631771e-06	-2.0699864531e-05	-1.35776650307e-06	-6.89103864202e-07	0.008	0.255752591411
7	0	319	BPM		MQM11FF	62.121065787	-1.96630780299e-05	-2.0699864531e-05	-1.96710314947e-06	-6.89103864202e-07	0.008	7.85570321395
7	0	325	BPM		MQD10BFF	63.621065787	-5.23674766077e-05	-3.48249530659e-05	-2.90123682507e-06	1.49388270896e-07	0.008	50.8856775831
7	0	333	BPM		MQD10AFF	64.521065787	-8.64377832622e-05	-5.8117769401e-05	-2.67108140663e-06	9.49219407082e-07	0.008	137.024437547
7	0	341	BPM		MQF9BFF	65.821065787	-0.0001551253651	-1.17843351372e-07	-1.50864992432e-06	3.54687498612e-07	0.008	439.005552092
7	0	347	BPM		MSF6FF	66.411896783	-0.000155210439716	-2.20954831114e-07	-1.29881989606e-06	3.56484639682e-07	0.008	438.793162943
7	0	353	BPM		MQF9AFF	66.941065783	-0.000148380826321	5.78499940867e-05	-1.16294493983e-06	-8.55194880434e-08	0.008	400.24109049
7	0	359	BPM		MQD8FF	68.741065783	-4.8088992554e-05	2.62897476216e-05	-1.22416019569e-06	6.88550149224e-07	0.008	41.0567667556
7	0	365	BPM		MQF7FF	70.641065783	1.99005399605e-06	2.69611913707e-05	8.29562017971e-08	6.89408688688e-07	0.008	0.309945436523
7	0	374	BPM		MQD6FF	72.541148783	5.67830132759e-05	5.7667101029e-05	1.29912467214e-06	-8.59148794877e-08	0.008	61.0555730884
7	0	383	BPM		MQF5BFF	74.341148783	0.000153824542191	5.62309277256e-07	1.19663516186e-06	3.53760732502e-07	0.008	440.258815835
7	0	389	BPM		MSF5FF	74.931979779	0.000154158178234	5.71695518927e-07	1.40562330896e-06	3.53595911417e-07	0.008	441.186463147
7	0	395	BPM		MQF5AFF	75.461148779	0.000147602180497	-5.67692102876e-05	1.66218999794e-06	9.43930072581e-07	0.008	403.626432487
7	0	403	BPM		MQD4BFF	76.761148779	7.67196609334e-05	-3.26166142077e-05	2.79269038754e-06	1.27678808799e-07	0.008	107.871059004
7	0	409	BPM		MSD4FF	77.351979775	5.74443967223e-05	-3.26455283594e-05	2.86852478113e-06	1.3032671812e-07	0.008	59.7506526504
7	0	415	BPM		MQD4AFF	77.881148775	4.17664265092e-05	-1.94370857321e-05	2.83500521362e-06	-7.28423695447e-07	0.008	30.969584022
7	0	424	BPM		MQF3FF	80.681231805	-1.20185690236e-05	-1.38139314579e-05	8.53106237038e-07	-2.34711046367e-07	0.008	4.08655413677
7	0	435	BPM		MQD2BFF	82.381314805	-3.62938787957e-05	-2.05848642011e-05	4.3961227466e-07	-3.32338706369e-07	0.008	26.1173446247
7	0	447	BPM		MQD2AFF	84.081314805	-7.3655023697e-05	-4.07181900809e-05	-1.22733825779e-07	-3.07667626203e-07	0.008	101.480415234
7	0	453	BPM		MSF1FF	88.688314805	-0.000261243725399	-4.07181900809e-05	-1.5401585797e-06	-3.07667626203e-07	0.008	1250.0278371
7	0	463	BPM		MQF1FF	89.756314805	-0.000233800456396	0.000162754398306	-2.33260870674e-06	-1.6934836552e-06	0.008	1000.52037145
7	0	465	BPM		MSD0FF	90.053314805	-0.000185462400099	0.000162754398306	-2.83557335233e-06	-1.6934836552e-06	0.008	629.408625384
7	0	475	BPM		MQD0FF	91.121314805	-5.06493023168e-05	5.71478597271e-05	-2.90447989163e-06	3.29631977436e-06	0.008	46.5548236756
7	0	477	BPM		MPREIP	91.575314805	-2.47041740007e-05	5.71478597271e-05	-1.40795071407e-06	3.29631977436e-06	0.008	10.8565421406
7	0	479	BPM		IPBPMA	91.851114805	-8.94279428802e-06	5.71478597271e-05	-4.98825720306e-07	3.29631977436e-06	0.008	1.33512390657
7	0	481	BPM		IPBPMB	91.932114805	-4.31381765012e-06	5.71478597271e-05	-2.31823818582e-07	3.29631977436e-06	0.008	0.285475438632
7	0	485	BPM		IP	92.002314805	-3.02037897284e-07	5.71478597271e-05	-4.22170422246e-10	3.29631977436e-06	0.008	0.0172837538022
7	0	490	BPM		MPIP	92.627314805	3.54153744321e-05	5.71478597271e-05	2.05977768855e-06	3.29631977436e-06	0.008	23.8898571521
7	0	497	BPM		MDUMP	95.493753965	0.000197661054482	5.71478000838e-05	1.0817472046e-05	2.67458530572e-06	0.008	726.71552145
8	0	13	BPM		MB1X	2.978450711	3.21108491124e-05	1.13155221103e-05	5.57753281763e-07	3.0491585083e-07	0.008	15.3352332383
8	0	24	BPM		MB2X	5.100093787	2.92414784941e-05	-3.07250342292e-06	1.69240323614e-06	5.63345405296e-07	0.008	11.9113337477
8	0	37	BPM		MQF1X	7.213398787	1.79305092523e-05	-2.62907752181e-05	3.2384403464e-06	3.70479186503e-06	0.008	4.42488766037
8	0	50	BPM		MQD2X	9.212008787	-3.77637629904e-05	-5.65498642533e-05	9.58679154007e-06	-5.62415872631e-06	0.008	19.7382121893
8	0	55	BPM		MQF3X	10.195118867	-8.62887181445e-05	6.05111919173e-08	4.47868105966e-06	-2.35130755282e-06	0.008	102.557893592
8	0	66	BPM		MQF4X	14.500587667	-7.87673770188e-05	5.71721816456e-05	-6.10323084094e-06	-6.06317864566e-06	0.008	84.8288989368
8	0	70	BPM		MQD5X	15.219697747	-3.76542849019e-05	5.71721816456e-05	-1.04633237219e-05	-6.06317864566e-06	0.008	19.3465195272
8	0	83	BPM		MQF6X	17.230307747	2.28563437144e-05	2.83705531992e-05	-3.80773359021e-06	3.93242014263e-06	0.008	7.50255767483
8	0	99	BPM		MQF7X	20.670188907	2.20645817999e-05	-1.080059595e-05	-3.48268201731e-06	-1.30160199879e-06	0.008	6.80940010761
8	0	106	BPM		MQD8X	22.928710107	-2.38016546655e-06	-1.14317503864e-05	-6.02171210604e-06	2.2055013652e-06	0.008	0.860761893011
8	0	117	BPM		MQF9X	24.807618927	-2.38594633815e-05	-1.14316074898e-05	-1.87759694898e-06	2.20569395444e-06	0.008	12.19422041
8	0	128	BPM		FONTP1	27.220370427	-6.70529359347e-06	8.37572691671e-06	6.06118629576e-07	9.51008081309e-07	0.008	0.643679747596
8	0	136	BPM		MQD10X	27.745370427	-2.84415215316e-06	4.07881732805e-06	9.65914202411e-07	-2.33724083202e-07	0.008	0.781747716288
8	0	144	BPM		MQF11X	29.195370427	2.77468855069e-06	1.51547990695e-06	7.09160340727e-07	4.59705568702e-07	0.008	9.71975859973
8	0	150	BPM		FONTP2	30.123370427	4.18105390434e-06	1.51547990695e-06	1.13576710848e-06	4.59705568702e-07	0.008	3.49960138043
8	0	158	BPM		MQD12X	30.645370427	5.56196789679e-06	6.58412837015e-06	1.21949631104e-06	-8.47621587151e-07	0.008	1.95135048572
8	0	165	BPM		MQF13X	31.713768577	1.0257346443e-05	-8.57485741389e-06	4.14572924103e-07	-2.08935308502e-07	0.008	2.27220773025
8	0	171	BPM		MQD14X	32.749308157	1.83972679438e-06	-5.72709386465e-06	1.62340298871e-07	-4.34740226194e-07	0.008	0.711537526219
8	0	173	BPM		FONTP3	33.025308157	2.59048887737e-07	-5.72709386465e-06	4.23519964409e-08	-4.34740226194e-07	0.008	1.96273002666
8	0	180	BPM		MQF15X	33.784847737	-3.45908236938e-06	-1.5154796566e-06	-3.33728233842e-07	-7.49506553414e-07	0.008	6.2672256988
8	0	190	BPM		MQD16X	34.783245887	-5.56196794535e-06	-6.58412819317e-06	-9.65914175931e-07	2.3372406827e-07	0.008	1.95135044383
8	0	197	BPM		MQF17X	36.233245887	-1.34198502163e-05	7.59544715335e-06	-7.09160335026e-07	-4.59705576617e-07	0.008	3.43222345947
8	0	209	BPM		MQD18X	38.615745887	4.97081415694e-06	1.02368371359e-05	-1.66444645711e-06	7.14009124201e-07	0.008	4.36234390307
8	0	220	BPM		MQF19X	40.060395787	1.835352095e-05	-1.65634796583e-06	-6.91212512865e-07	2.32883596654e-07	0.008	30.4932958078
8	0	240	BPM		MQD20X	43.821730787	1.21234413739e-05	-1.65634796583e-06	1.84740710157e-07	2.32883596654e-07	0.008	4.57925400606
8	0	255	BPM		MQF21X	47.818400787	1.95238418589e-05	-3.93849248447e-06	8.9569113057e-07	4.36392275413e-07	0.008	5.24643065588
8	0	259	BPM		IPT1	49.537065787	1.6467571691e-05	-3.93849248447e-06	1.23433153629e-06	4.36392275413e-07	0.008	3.9858629756
8	0	261	BPM		IPT2	49.613065787	1.61682462621e-05	-3.93849248447e-06	1.26749734922e-06	4.36392275413e-07	0.008	3.88596603108
8	0	263	BPM		IPT3	49.777065787	1.55223334947e-05	-3.93849248447e-06	1.33906568239e-06	4.36392275413e-07	0.008	3.68472050156
8	0	265	BPM		IPT4	49.853065787	1.52230080659e-05	-3.93849248447e-06	1.37223149532e-06	4.36392275413e-07	0.008	3.59809719921
8	0	276	BPM		MQM16FF	54.283065787	-2.22451364032e-06	-3.93849248447e-06	3.3054492754e-06	4.36392275413e-07	0.008	5.81210707531
8	0	290	BPM		MQM15FF	56.021065787	-6.82124315409e-06	-4.43271032816e-06	7.02403701397e-06	2.1465697277e-07	0.008	1.36174597293
8	0	296	BPM		MQM14FF	57.521065787	-1.52158752103e-05	-1.94624983802e-05	6.39200182913e-06	-7.68429043863e-06	0.008	3.19703586141
8	0	298	BPM		MFB2FF	58.354065787	-3.1428136361e-05	-1.94624983802e-05	-9.0121062473e-09	-7.68429043863e-06	0.008	14.271282169
8	0	305	BPM		MQM13FF	59.021065787	-3.99841204925e-05	1.77485224467e-05	-5.57597981235e-06	-1.16331037169e-05	0.008	23.5125663361
8	0	311	BPM		MQM12FF	60.521065787	-1.27275075237e-05	2.28852675585e-05	-2.38833117831e-05	-1.89813893856e-05	0.008	2.73940973685
8	0	313	BPM		MFB1FF	61.236820787	3.65273715767e-06	2.28852675585e-05	-3.74693361428e-05	-1.89813893856e-05	0.008	0.255752591411
8	0	319	BPM		MQM11FF	62.121065787	2.38889205699e-05	2.28852675585e-05	-5.42535348001e-05	-1.89813893856e-05	0.008	7.85570321395
8	0	325	BPM		MQD10BFF	63.621065787	6.0120723358e-05	3.91311341337e-05	-7.99818896291e-05	4.13490057986e-06	0.008	50.8856775831
8	0	333	BPM		MQD10AFF	64.521065787	9.84482477278e-05	6.5678337959e-05	-7.36224648564e-05	2.61810972518e-05	0.008	137.024437547
8	0	341	BPM		MQF9BFF	65.821065787	0.00017603717799	-1.53152302431e-07	-4.15583195486e-05	9.80226479609e-06	0.008	439.005552092
8	0	347	BPM		MSF6FF	66.411896783	0.000175927715277	-2.79814512796e-07	-3.5775258317e-05	9.74614632492e-06	0.008	438.793162943
8	0	353	BPM		MQF9AFF	66.941065783	0.000167914975802	-6.60205419544e-05	-3.20725674508e-05	-2.44007327036e-06	0.008	400.24109049
8	0	359	BPM		MQD8FF	68.741065783	5.3354729657e-05	-3.08799272021e-05	-3.38980156259e-05	1.89890526464e-05	0.008	41.0567667556
8	0	365	BPM		MQF7FF	70.641065783	-5.26530755002e-06	-2.99774540855e-05	2.14093776784e-06	1.89355633336e-05	0.008	0.309945436523
8	0	374	BPM		MQD6FF	72.541148783	-6.64095273171e-05	-6.59940867012e-05	3.55551555003e-05	-2.27831425103e-06	0.008	61.0555730884
8	0	383	BPM		MQF5BFF	74.341148783	-0.000177400205337	-1.13453686927e-07	3.28871024328e-05	9.80170770999e-06	0.008	440.258815835
8	0	389	BPM		MSF5FF	74.931979779	-0.00017746545346	-1.01549580649e-07	3.86790364281e-05	9.80692970976e-06	0.008	441.186463147
8	0	395	BPM		MQF5AFF	75.461148779	-0.000169633190155	6.58238497362e-05	4.5781094651e-05	2.60633573185e-05	0.008	403.626432487
8	0	403	BPM		MQD4BFF	76.761148779	-8.73912840239e-05	3.82719275158e-05	7.69999662117e-05	3.55906399746e-06	0.008	107.871059004
8	0	409	BPM		MSD4FF	77.351979775	-6.4777739974e-05	3.82808711091e-05	7.90903608694e-05	3.47646202284e-06	0.008	59.7506526504
8	0	415	BPM		MQD4AFF	77.881148775	-4.63016595221e-05	2.35664721027e-05	7.81058887216e-05	-2.01867176567e-05	0.008	30.969584022
8	0	424	BPM		MQF3FF	80.681231805	1.86276897797e-05	1.43945377545e-05	2.31515958541e-05	-6.76294263113e-06	0.008	4.08655413677
8	0	435	BPM		MQD2BFF	82.381314805	4.40682298567e-05	2.26709908481e-05	1.12768011586e-05	-9.28854727783e-06	0.008	26.1173446247
8	0	447	BPM		MQD2AFF	84.081314805	8.53576749937e-05	4.60428838642e-05	-4.40560544062e-06	-8.30920305273e-06	0.008	101.480415234
8	0	453	BPM		MSF1FF	88.688314805	0.000297477240956	4.60428838642e-05	-4.26861039045e-05	-8.30920305273e-06	0.008	1250.0278371
8	0	463	BPM		MQF1FF	89.756314805	0.000266111539477	-0.000185354047282	-6.43095489879e-05	-4.65010935759e-05	0.008	1000.52037145
8	0	465	BPM		MSD0FF	90.053314805	0.000211061387435	-0.000185354047282	-7.81203737799e-05	-4.65010935759e-05	0.008	629.408625384
8	0	475	BPM		MQD0FF	91.121314805	5.73083108082e-05	-6.55408664267e-05	-7.99863609044e-05	9.0793850099e-05	0.008	46.5548236756
8	0	477	BPM		MPREIP	91.575314805	2.75527574505e-05	-6.55408664267e-05	-3.87659529595e-05	9.0793850099e-05	0.008	10.8565421406
8	0	479	BPM		IPBPMA	91.851114805	9.47658649003e-06	-6.55408664267e-05	-1.37250091022e-05	9.0793850099e-05	0.008	1.33512390657
8	0	481	BPM		IPBPMB	91.932114805	4.16777630947e-06	-6.55408664267e-05	-6.37070724421e-06	9.0793850099e-05	0.008	0.285475438632
8	0	485	BPM		IP	92.002314805	-4.33192513686e-07	-6.55408664267e-05	3.02103274125e-09	9.0793850099e-05	0.008	0.0172837538022
8	0	490	BPM		MPIP	92.627314805	-4.13962340304e-05	-6.55408664267e-05	5.67491773446e-05	9.0793850099e-05	0.008	23.8898571521
8	0	497	BPM		MDUMP	95.493753965	-0.00022747725998	-6.55408199972e-05	0.000297952409399	7.36566676108e-05	0.008	726.71552145
9	0	13	BPM		MB1X	2.978450711	4.18132007701e-05	1.60225779092e-05	-3.68455248458e-07	-4.1283312636e-07	0.008	15.3352332383
9	0	24	BPM		MB2X	5.100093787	4.05726209995e-05	-2.84866350862e-06	-1.60451594037e-06	-6.03761397518e-07	0.008	11.9113337477
9	0	37	BPM		MQF1X	7.213398787	2.74762433342e-05	-3.79805918169e-05	-3.23472266468e-06	-3.73694866901e-06	0.008	4.42488766037
9	0	50	BPM		MQD2X	9.212008787	-5.28945332022e-05	-8.03028858561e-05	-9.64143858438e-06	5.64393805844e-06	0.008	19.7382121893
9	0	55	BPM		MQF3X	10.195118867	-0.000121862743673	-3.9386860119e-07	-4.51715671669e-06	2.34522200802e-06	0.008	102.557893592
9	0	66	BPM		MQF4X	14.500587667	-0.000113136299294	8.15932791039e-05	6.03302567053e-06	6.012722882e-06	0.008	84.8288989368
9	0	70	BPM		MQD5X	15.219697747	-5.44617498304e-05	8.15932791039e-05	1.03568353032e-05	6.012722882e-06	0.008	19.3465195272
9	0	83	BPM		MQF6X	17.230307747	3.06599050756e-05	3.98663557609e-05	3.78919388225e-06	-3.88244876716e-06	0.008	7.50255767483
9	0	99	BPM		MQF7X	20.670188907	3.45660711603e-05	-1.5045537931e-05	3.58818957075e-06	1.37473323227e-06	0.008	6.80940010761
9	0	106	BPM		MQD8X	22.928710107	7.65145552518e-07	-1.37022880438e-05	6.27566906887e-06	-2.27902504602e-06	0.008	0.860761893011
9	0	117	BPM		MQF9X	24.807618927	-2.49802564982e-05	-1.37021167655e-05	1.99340107667e-06	-2.27922683428e-06	0.008	12.19422041
9	0	128	BPM		FONTP1	27.220370427	-1.07372005502e-05	7.24370872769e-06	-4.75299697633e-07	-9.39382456201e-07	0.008	0.643679747596
9	0	136	BPM		MQD10X	27.745370427	-8.14542799745e-06	-2.86094155138e-06	-8.48504224021e-07	8.38092225401e-08	0.008	0.781747716288
9	0	144	BPM		MQF11X	29.195370427	-1.08758920002e-05	8.96622077857e-06	-8.18802615207e-07	-6.96276211498e-07	0.008	9.71975859973
9	0	150	BPM		FONTP2	30.123370427	-2.55523911772e-06	8.96622077857e-06	-1.46494693948e-06	-6.96276211498e-07	0.008	3.49960138043
9	0	158	BPM		MQD12X	30.645370427	2.22519003143e-06	1.00704649484e-05	-1.62224509044e-06	1.03131644878e-06	0.008	1.95135048572
9	0	165	BPM		MQF13X	31.713768577	1.06902737079e-05	-4.90447574391e-06	-6.7296142468e-07	5.60626322086e-08	0.008	2.27220773025
9	0	171	BPM		MQD14X	32.749308157	6.64734591745e-06	1.78868510466e-06	-5.19425046466e-07	6.68051059649e-07	0.008	0.711537526219
9	0	173	BPM		FONTP3	33.025308157	7.14102300633e-06	1.78868510466e-06	-3.35042954003e-07	6.68051059649e-07	0.008	1.96273002666
9	0	180	BPM		MQF15X	33.784847737	6.82672982965e-06	-8.9662206458e-06	1.8421747148e-07	7.65399896481e-07	0.008	6.2672256988
9	0	190	BPM		MQD16X	34.783245887	-2.22519019903e-06	-1.00704649881e-05	8.48504176328e-07	-8.38092001803e-08	0.008	1.95135044383
9	0	197	BPM		MQF17X	36.233245887	-1.49938722136e-05	5.40427031002e-06	8.18802597631e-07	6.96276214841e-07	0.008	3.43222345947
9	0	209	BPM		MQD18X	38.615745887	-2.35914334151e-06	3.46231004082e-06	2.28626080253e-06	-9.10241187594e-07	0.008	4.36234390307
9	0	220	BPM		MQF19X	40.060395787	2.47821100983e-06	2.02990403151e-06	1.05852968594e-06	-1.86846801116e-07	0.008	30.4932958078
9	0	240	BPM		MQD20X	43.821730787	1.01133600902e-05	2.02990403151e-06	3.55736273267e-07	-1.86846801116e-07	0.008	4.57925400606
9	0	255	BPM		MQF21X	47.818400787	2.99196594224e-05	-3.9171433774e-06	-8.13622929132e-07	-5.27438643474e-07	0.008	5.24643065588
9	0	259	BPM		IPT1	49.537065787	2.68799561615e-05	-3.9171433774e-06	-1.22291531647e-06	-5.27438643474e-07	0.008	3.9858629756
9	0	261	BPM		IPT2	49.613065787	2.65822532648e-05	-3.9171433774e-06	-1.26300065337e-06	-5.27438643474e-07	0.008	3.88596603108
9	0	263	BPM		IPT3	49.777065787	2.59398417509e-05	-3.9171433774e-06	-1.3495005909e-06	-5.27438643474e-07	0.008	3.68472050156
9	0	265	BPM		IPT4	49.853065787	2.56421388542e-05	-3.9171433774e-06	-1.38958592781e-06	-5.27438643474e-07	0.008	3.59809719921
9	0	276	BPM		MQM16FF	54.283065787	8.28919369236e-06	-3.9171433774e-06	-3.7261391184e-06	-5.27438643474e-07	0.008	5.81210707531
9	0	290	BPM		MQM15FF	56.021065787	-5.93179509774e-06	-9.91822074067e-06	-7.98139188113e-06	-2.60622882476e-07	0.008	1.36174597293
9	0	296	BPM		MQM14FF	57.521065787	-2.3444144992e-05	-3.27054666912e-05	-7.28532464449e-06	8.73985781729e-06	0.008	3.19703586141
9	0	298	BPM		MFB2FF	58.354065787	-5.06877987457e-05	-3.27054666912e-05	-5.023082688e-09	8.73985781729e-06	0.008	14.271282169
9	0	305	BPM		MQM13FF	59.021065787	-6.5291834661e-05	2.79479181578e-05	6.32497765453e-06	1.32167774805e-05	0.008	23.5125663361
9	0	311	BPM		MQM12FF	60.521065787	-2.22793416432e-05	3.68106660103e-05	2.71241742422e-05	2.1561996137e-05	0.008	2.73940973685
9	0	313	BPM		MFB1FF	61.236820787	4.06807660703e-06	3.68106660103e-05	4.25572807873e-05	2.1561996137e-05	0.008	0.255752591411
9	0	319	BPM		MQM11FF	62.121065787	3.66177239733e-05	3.68106660103e-05	6.16233680615e-05	2.1561996137e-05	0.008	7.85570321395
9	0	325	BPM		MQD10BFF	63.621065787	9.48334006835e-05	6.24127418775e-05	9.08498226712e-05	-4.69528318012e-06	0.008	50.8856775831
9	0	333	BPM		MQD10AFF	64.521065787	0.000155927730926	0.000104445077614	8.36275624339e-05	-2.97374447586e-05	0.008	137.024437547
9	0	341	BPM		MQF9BFF	65.821065787	0.000279341815511	-8.07315984736e-09	4.72081406806e-05	-1.11320509865e-05	0.008	439.005552092
9	0	347	BPM		MSF6FF	66.411896783	0.000279288132755	-3.34547220443e-07	4.06461647127e-05	-1.10308528402e-05	0.008	438.793162943
9	0	353	BPM		MQF9AFF	66.941065783	0.000266623929926	-0.000104715874943	3.64624376893e-05	2.8211922459e-06	0.008	400.24109049
9	0	359	BPM		MQD8FF	68.741065783	8.49399826952e-05	-4.87988179166e-05	3.86170487946e-05	-2.15879690914e-05	0.008	41.0567667556
9	0	365	BPM		MQF7FF	70.641065783	-7.73634513919e-06	-4.77101619354e-05	-2.34906950014e-06	-2.14825549842e-05	0.008	0.309945436523
9	0	374	BPM		MQD6FF	72.541148783	-0.000105002836942	-0.000104636476265	-4.02638201237e-05	2.53749951601e-06	0.008	61.0555730884
9	0	383	BPM		MQF5BFF	74.341148783	-0.000280996340922	-2.88458937563e-07	-3.73221679694e-05	-1.1169528468e-05	0.008	440.258815835
9	0	389	BPM		MSF5FF	74.931979779	-0.000281162194495	-2.5791353429e-07	-4.39228768909e-05	-1.11789215374e-05	0.008	441.186463147
9	0	395	BPM		MQF5AFF	75.461148779	-0.000268803070797	0.000104203865324	-5.20109705377e-05	-2.96459022442e-05	0.008	403.626432487
9	0	403	BPM		MQD4BFF	76.761148779	-0.000138617539016	6.05087981638e-05	-8.75232509253e-05	-4.06678358143e-06	0.008	107.871059004
9	0	409	BPM		MSD4FF	77.351979775	-0.000102872242206	6.04748401354e-05	-8.99036375411e-05	-3.91772554203e-06	0.008	59.7506526504
9	0	415	BPM		MQD4AFF	77.881148775	-7.37034773509e-05	3.70681177574e-05	-8.8767012319e-05	2.29765885646e-05	0.008	30.969584022
9	0	424	BPM		MQF3FF	80.681231805	2.84819374372e-05	2.31161541059e-05	-2.62090996823e-05	7.77250349952e-06	0.008	4.08655413677
9	0	435	BPM		MQD2BFF	82.381314805	6.93028318403e-05	3.61208120266e-05	-1.25726834508e-05	1.05950107412e-05	0.008	26.1173446247
9	0	447	BPM		MQD2AFF	84.081314805	0.000135056177675	7.30923409625e-05	5.3055522497e-06	9.39463298465e-06	0.008	101.480415234
9	0	453	BPM		MSF1FF	88.688314805	0.000471792592489	7.30923409625e-05	4.858662641e-05	9.39463298465e-06	0.008	1250.0278371
9	0	463	BPM		MQF1FF	89.756314805	0.000422198108553	-0.000293867446227	7.30962238639e-05	5.27969637316e-05	0.008	1000.52037145
9	0	465	BPM		MSD0FF	90.053314805	0.000334919477023	-0.000293867446227	8.87769220922e-05	5.27969637316e-05	0.008	629.408625384
9	0	475	BPM		MQD0FF	91.121314805	9.12162896772e-05	-0.00010359861073	9.08917026817e-05	-0.000103171325828	0.008	46.5548236756
9	0	477	BPM		MPREIP	91.575314805	4.41825204058e-05	-0.00010359861073	4.40519207559e-05	-0.000103171325828	0.008	10.8565421406
9	0	479	BPM		IPBPMA	91.851114805	1.56100235665e-05	-0.00010359861073	1.55972690925e-05	-0.000103171325828	0.008	1.33512390657
9	0	481	BPM		IPBPMB	91.932114805	7.21853609742e-06	-0.00010359861073	7.24039170047e-06	-0.000103171325828	0.008	0.285475438632
9	0	485	BPM		IP	92.002314805	-5.40863758184e-08	-0.00010359861073	-2.23537264246e-09	-0.000103171325828	0.008	0.0172837538022
9	0	490	BPM		MPIP	92.627314805	-6.4803218082e-05	-0.00010359861073	-6.44843140151e-05	-0.000103171325828	0.008	23.8898571521
9	0	497	BPM		MDUMP	95.493753965	-0.000358934238926	-0.00010359864642	-0.000338563707627	-8.36941894451e-05	0.008	726.71552145
